student_id,unique_patterns_count,total_values_count,total_non_zero_values_count,duplicates
1,5,12,6,1
2,26,28,28,2
3,38,48,47,9
4,54,64,62,8
5,48,63,62,14
6,37,43,41,4
7,25,34,30,5
8,27,28,28,1
9,30,39,38,8
10,37,43,39,2
11,19,22,22,3
12,30,32,31,1
13,9,24,19,10
16,43,54,52,9
17,37,46,45,8
18,23,52,29,6
21,36,42,40,4
25,22,27,25,3
26,20,21,21,1
29,22,23,23,1
30,42,55,54,12
32,18,23,22,4
33,32,33,32,0
35,24,26,26,2
36,42,50,48,6
37,31,33,32,1
39,37,41,40,3
40,19,24,23,4
41,33,52,43,10
45,26,32,30,4
49,11,15,12,1
51,13,24,24,11
54,40,45,43,3
55,42,84,55,13
56,48,56,55,7
58,36,43,43,7
64,18,20,20,2
65,2,15,9,7
66,36,38,38,2
67,43,44,44,1
68,32,36,36,4
69,18,113,67,49
70,23,38,26,3
71,16,18,17,1
73,46,51,50,4
75,38,40,40,2
77,33,51,41,8
79,12,13,13,1
80,40,53,48,8
81,50,54,54,4
82,32,38,38,6
83,35,45,43,8
85,42,44,44,2
86,51,56,54,3
87,33,42,37,4
95,33,43,41,8
101,26,27,27,1
103,16,29,26,10
105,25,31,26,1
108,26,34,33,7
109,28,33,31,3
110,44,47,47,3
111,30,35,33,3
112,41,53,49,8
115,24,26,26,2
116,23,25,25,2
117,27,32,30,3
118,39,44,44,5
119,42,61,60,18
121,33,38,37,4
122,32,53,48,16
123,12,27,16,4
127,40,48,47,7
129,44,55,53,9
130,38,45,45,7
131,47,56,51,4
132,21,42,25,4
133,41,42,42,1
135,24,35,29,5
136,15,16,15,0
140,1,4,1,0
141,45,49,47,2
145,18,58,26,8
146,51,56,56,5
150,31,38,34,3
158,44,54,53,9
159,35,44,35,0
160,44,51,51,7
163,44,47,47,3
172,25,28,28,3
175,22,29,23,1
176,29,38,36,7
178,45,56,53,8
179,39,40,40,1
180,21,26,25,4
185,44,52,51,7
187,10,10,10,0
191,16,19,18,2
196,9,12,10,1
200,51,57,54,3
204,2,3,2,0
206,53,65,61,8
208,38,47,45,7
209,18,23,23,5
210,18,23,20,2
211,28,38,33,5
212,45,51,51,6
214,35,38,36,1
218,46,53,51,5
222,29,31,30,1
224,5,76,68,63
227,30,30,30,0
228,30,35,34,4
230,43,48,46,3
235,49,53,53,4
236,35,35,35,0
237,23,23,23,0
239,25,45,34,9
243,21,40,39,18
246,32,37,36,4
247,37,70,43,6
248,31,48,42,11
250,33,40,36,3
251,39,41,41,2
252,38,40,40,2
253,9,28,28,19
254,37,42,42,5
255,28,33,31,3
256,34,46,41,7
258,42,57,56,14
260,34,45,43,9
261,48,51,51,3
264,22,44,30,8
266,32,36,35,3
268,14,42,26,12
273,20,23,22,2
274,21,25,24,3
275,50,55,54,4
277,37,56,56,19
279,27,30,27,0
280,31,34,33,2
281,29,34,30,1
282,32,48,36,4
284,21,21,21,0
288,32,41,38,6
293,49,56,54,5
296,27,34,31,4
297,17,30,23,6
298,22,26,25,3
300,35,38,36,1
301,32,38,35,3
304,21,23,22,1
305,35,36,35,0
306,21,22,21,0
309,2,12,11,9
310,50,57,56,6
312,27,50,32,5
313,37,49,47,10
316,7,10,8,1
317,33,40,39,6
320,8,8,8,0
323,40,57,46,6
326,38,48,47,9
329,33,35,34,1
330,40,52,51,11
332,14,15,15,1
335,36,50,45,9
336,45,54,50,5
341,36,40,39,3
343,29,43,39,10
344,26,32,31,5
345,32,39,39,7
347,34,40,38,4
348,32,38,38,6
349,25,27,26,1
352,29,47,37,8
353,20,20,20,0
354,30,33,33,3
356,42,48,47,5
357,27,28,28,1
359,27,30,29,2
361,45,48,46,1
362,29,38,33,4
364,49,56,54,5
373,47,49,49,2
376,22,23,23,1
378,26,36,34,8
379,41,47,45,4
382,37,40,39,2
383,18,19,18,0
385,26,26,26,0
386,27,47,37,10
387,33,42,39,6
395,34,41,38,4
396,40,47,44,4
398,30,44,38,8
401,31,49,49,18
402,30,32,32,2
403,34,45,37,3
404,20,25,25,5
406,15,37,25,10
409,18,20,18,0
410,27,29,29,2
413,34,36,36,2
414,49,55,54,5
417,29,37,33,4
418,27,31,31,4
419,23,27,24,1
420,29,33,33,4
421,28,28,28,0
422,26,31,30,4
426,33,37,37,4
428,38,42,41,3
430,15,17,17,2
434,34,47,45,11
435,37,43,42,5
437,46,55,53,7
439,26,29,27,1
440,32,36,35,3
441,21,25,23,2
443,23,40,32,9
444,22,29,28,6
445,21,22,22,1
450,33,41,41,8
453,47,56,55,8
454,53,62,59,6
455,38,43,40,2
457,44,53,53,9
458,44,47,47,3
459,12,16,14,2
464,20,24,22,2
465,28,54,30,2
467,28,32,31,3
469,21,22,21,0
472,24,33,29,5
480,42,44,43,1
482,42,50,48,6
483,17,23,20,3
485,41,51,47,6
486,32,45,32,0
489,34,37,37,3
491,36,43,41,5
492,31,35,34,3
496,29,34,33,4
499,27,63,47,20
502,41,42,42,1
504,35,37,37,2
506,32,46,41,9
507,39,43,43,4
509,41,45,44,3
510,28,31,31,3
511,41,47,43,2
512,15,20,17,2
513,41,46,45,4
514,17,23,20,3
515,28,32,30,2
516,36,58,58,22
517,30,31,31,1
518,25,31,30,5
519,43,51,48,5
522,27,34,31,4
523,41,53,47,6
528,30,45,39,9
529,42,48,47,5
531,46,54,52,6
532,27,29,29,2
533,26,32,32,6
536,25,34,32,7
538,38,53,44,6
541,39,47,47,8
545,28,31,30,2
546,23,27,26,3
550,30,44,38,8
551,34,55,45,11
554,44,46,45,1
555,30,45,41,11
556,21,25,22,1
560,22,43,39,17
563,28,33,30,2
566,30,36,35,5
568,20,23,22,2
571,11,24,22,11
572,24,24,24,0
577,14,19,16,2
582,37,42,41,4
583,28,33,33,5
585,5,5,5,0
588,35,41,36,1
590,23,27,26,3
594,42,59,57,15
595,44,48,47,3
596,38,43,41,3
598,25,28,28,3
599,19,22,22,3
600,19,20,20,1
601,16,18,17,1
605,35,40,38,3
607,24,32,28,4
613,49,58,57,8
614,33,36,34,1
615,31,36,36,5
618,40,57,50,10
621,20,26,22,2
624,14,17,15,1
625,23,27,27,4
627,36,40,40,4
628,6,11,11,5
629,3,26,4,1
630,28,32,31,3
631,29,31,30,1
632,56,64,61,5
633,31,33,33,2
636,36,38,38,2
638,33,37,37,4
639,15,28,21,6
640,38,46,43,5
641,32,38,38,6
644,28,28,28,0
645,41,47,45,4
647,29,30,29,0
648,45,48,46,1
649,41,49,47,6
650,36,41,41,5
651,53,76,60,7
652,19,21,19,0
653,31,36,35,4
654,43,57,52,9
655,15,17,16,1
656,13,14,14,1
662,35,39,39,4
663,29,33,33,4
665,24,26,26,2
666,18,23,21,3
667,36,48,44,8
669,6,38,22,16
675,43,52,49,6
677,9,10,10,1
678,54,54,54,0
680,22,29,29,7
682,18,28,19,1
683,30,54,45,15
688,20,20,20,0
689,31,37,32,1
697,31,61,33,2
698,24,40,30,6
700,38,50,50,12
702,23,39,36,13
704,37,44,42,5
706,27,33,33,6
708,51,62,59,8
710,41,47,44,3
712,36,39,39,3
713,21,41,24,3
714,37,44,43,6
716,28,31,31,3
724,47,55,53,6
726,38,40,40,2
727,22,28,26,4
729,24,27,26,2
730,49,59,56,7
731,37,46,42,5
732,21,24,23,2
739,38,56,52,14
741,27,35,30,3
742,20,24,20,0
743,37,43,37,0
748,25,164,27,2
749,10,38,20,10
751,31,36,34,3
752,21,29,25,4
753,33,39,38,5
755,18,21,21,3
764,42,48,48,6
770,3,13,10,7
773,25,35,31,6
775,17,19,17,0
779,23,34,23,0
780,27,35,32,5
782,14,29,28,14
784,22,28,26,4
785,31,45,45,14
786,43,52,51,8
790,35,36,35,0
797,9,15,14,5
799,34,40,37,3
800,40,41,40,0
801,20,33,24,4
805,13,17,16,3
807,48,56,53,5
811,50,57,56,6
813,32,38,35,3
817,39,43,43,4
818,31,32,32,1
819,37,51,51,14
820,35,49,45,10
823,9,15,12,3
824,24,27,27,3
825,33,35,34,1
832,46,50,49,3
833,20,20,20,0
834,29,37,35,6
837,20,24,22,2
840,31,41,33,2
841,32,35,35,3
843,21,25,22,1
844,17,20,18,1
845,26,31,31,5
847,37,44,40,3
850,46,51,51,5
851,35,42,38,3
852,40,51,47,7
856,18,20,19,1
858,21,32,26,5
861,51,62,59,8
865,36,37,37,1
867,19,22,22,3
869,25,29,29,4
870,40,54,52,12
872,36,37,37,1
874,39,49,47,8
877,35,39,38,3
879,6,209,17,11
882,50,58,57,7
884,34,38,37,3
885,24,30,30,6
886,29,33,32,3
889,25,31,31,6
893,20,23,22,2
898,16,29,19,3
899,36,45,41,5
901,23,26,25,2
902,17,35,18,1
903,23,33,29,6
904,41,45,44,3
905,24,37,36,12
907,39,43,43,4
912,18,18,18,0
916,45,66,65,20
919,23,28,28,5
922,35,39,38,3
923,34,36,35,1
924,29,35,35,6
925,20,28,23,3
930,22,23,22,0
937,24,30,30,6
938,39,44,43,4
944,40,49,48,8
946,32,40,36,4
947,16,17,17,1
948,39,42,41,2
949,33,37,36,3
950,23,24,24,1
959,32,36,36,4
961,31,39,37,6
963,24,28,27,3
967,19,26,19,0
969,4,13,4,0
970,49,60,60,11
971,35,38,38,3
972,31,51,41,10
974,27,31,30,3
977,30,32,32,2
980,27,29,27,0
984,24,25,24,0
985,26,27,27,1
989,32,46,37,5
994,34,41,39,5
997,38,42,42,4
1000,34,40,39,5
1004,35,35,35,0
1006,32,35,35,3
1008,14,42,23,9
1009,24,26,26,2
1011,29,46,40,11
1014,15,15,15,0
1015,26,27,26,0
1018,34,36,35,1
1019,24,30,28,4
1020,38,48,43,5
1022,28,57,40,12
1024,32,39,38,6
1027,28,41,30,2
1029,36,39,39,3
1030,28,34,33,5
1031,15,37,27,12
1035,42,50,49,7
1037,27,39,36,9
1038,32,42,37,5
1039,20,21,21,1
1040,8,22,16,8
1042,11,14,12,1
1044,30,73,59,29
1046,26,51,45,19
1047,34,35,35,1
1049,13,26,21,8
1051,21,22,22,1
1053,33,44,42,9
1056,43,45,45,2
1058,25,30,28,3
1059,27,36,36,9
1065,49,61,57,8
1067,4,20,15,11
1070,21,24,23,2
1073,43,46,45,2
1075,46,57,55,9
1079,41,46,45,4
1081,20,30,26,6
1082,21,22,21,0
1086,42,47,47,5
1087,25,33,30,5
1089,43,53,52,9
1090,38,44,43,5
1091,22,24,23,1
1096,51,59,57,6
1097,29,37,36,7
1102,40,60,54,14
1108,14,26,19,5
1109,36,74,41,5
1110,31,33,33,2
1111,27,32,31,4
1120,25,31,30,5
1121,25,25,25,0
1122,21,25,25,4
1124,31,48,38,7
1129,35,40,40,5
1133,35,39,37,2
1135,43,48,47,4
1140,22,33,26,4
1142,17,18,18,1
1146,29,35,30,1
1151,29,34,33,4
1152,28,35,35,7
1153,33,35,34,1
1154,41,44,42,1
1157,41,48,47,6
1161,17,175,19,2
1162,27,28,27,0
1165,41,43,43,2
1169,22,37,33,11
1173,32,36,34,2
1174,1,7,7,6
1177,47,49,48,1
1178,19,23,22,3
1179,26,30,29,3
1182,20,22,22,2
1183,42,52,50,8
1184,30,33,32,2
1188,19,20,19,0
1189,32,35,35,3
1192,33,34,34,1
1194,29,29,29,0
1195,23,29,27,4
1196,19,37,28,9
1198,30,34,31,1
1201,34,53,42,8
1204,33,37,37,4
1205,34,42,40,6
1206,14,14,14,0
1208,28,29,29,1
1210,16,40,40,24
1211,23,37,31,8
1213,5,5,5,0
1214,28,33,32,4
1221,42,45,43,1
1222,30,38,38,8
1224,18,24,22,4
1226,34,47,43,9
1230,17,19,19,2
1233,32,46,41,9
1238,33,38,35,2
1241,33,44,34,1
1244,30,31,31,1
1247,33,39,37,4
1248,11,23,12,1
1249,8,15,15,7
1251,47,52,52,5
1256,37,40,40,3
1258,40,48,45,5
1259,30,33,33,3
1261,25,26,25,0
1262,6,7,7,1
1265,3,8,4,1
1268,20,37,36,16
1272,24,28,27,3
1273,26,36,32,6
1278,22,26,25,3
1279,1,6,4,3
1281,45,52,50,5
1283,32,63,41,9
1284,20,21,21,1
1288,32,46,39,7
1289,28,31,30,2
1291,24,41,38,14
1292,26,30,29,3
1293,36,44,41,5
1295,30,36,35,5
1297,19,36,23,4
1298,51,61,59,8
1299,37,46,45,8
1303,37,49,45,8
1304,40,68,50,10
1306,43,46,46,3
1307,25,33,26,1
1308,37,43,42,5
1310,34,37,35,1
1315,39,52,52,13
1318,32,34,34,2
1320,2,7,7,5
1322,22,31,27,5
1323,13,51,19,6
1324,41,48,47,6
1325,29,34,32,3
1326,32,35,35,3
1327,27,28,28,1
1331,40,45,42,2
1333,23,30,27,4
1336,34,57,48,14
1337,38,43,43,5
1341,3,15,10,7
1342,45,52,50,5
1346,20,41,32,12
1348,16,17,17,1
1351,19,19,19,0
1352,44,47,47,3
1353,1,3,3,2
1356,33,34,34,1
1358,18,18,18,0
1360,39,44,41,2
1361,22,22,22,0
1363,22,72,25,3
1365,45,52,51,6
1369,13,15,14,1
1370,38,38,38,0
1374,31,33,33,2
1375,38,38,38,0
1376,48,65,63,15
1378,37,57,52,15
1379,17,38,27,10
1381,23,34,29,6
1383,39,46,46,7
1384,48,65,54,6
1390,22,28,28,6
1399,46,54,52,6
1401,15,22,16,1
1402,37,43,41,4
1403,16,20,17,1
1408,36,40,40,4
1412,34,39,34,0
1418,16,20,18,2
1420,39,45,42,3
1421,25,41,36,11
1423,40,42,42,2
1426,32,40,36,4
1428,30,33,33,3
1429,2,17,16,14
1431,21,21,21,0
1433,20,28,23,3
1437,32,34,33,1
1438,24,33,32,8
1439,51,58,58,7
1446,19,22,22,3
1448,39,42,40,1
1453,30,69,35,5
1454,37,65,63,26
1455,29,43,34,5
1456,25,52,37,12
1462,25,39,32,7
1466,19,21,21,2
1467,26,27,27,1
1473,22,22,22,0
1475,46,48,47,1
1478,24,26,26,2
1482,15,27,22,7
1488,56,69,66,10
1490,31,37,36,5
1491,33,37,37,4
1496,37,54,47,10
1498,27,38,32,5
1502,30,30,30,0
1505,24,25,25,1
1507,10,11,11,1
1509,26,38,31,5
1510,14,18,17,3
1511,22,37,29,7
1517,44,67,58,14
1518,15,24,18,3
1520,24,28,26,2
1523,34,38,37,3
1525,23,24,24,1
1527,21,40,23,2
1530,43,55,54,11
1531,32,33,33,1
1535,16,22,18,2
1539,14,24,18,4
1540,33,42,42,9
1542,26,32,30,4
1548,20,21,21,1
1551,10,11,11,1
1554,36,46,45,9
1556,43,46,45,2
1557,34,57,41,7
1564,33,43,43,10
1565,46,51,50,4
1566,34,49,43,9
1568,30,32,30,0
1569,29,34,33,4
1571,18,21,20,2
1572,17,19,19,2
1573,23,60,27,4
1574,28,34,33,5
1575,16,19,19,3
1578,10,15,11,1
1579,26,29,29,3
1581,14,23,15,1
1587,21,21,21,0
1588,13,14,14,1
1590,35,45,44,9
1591,29,33,33,4
1592,27,36,31,4
1593,24,26,25,1
1599,20,22,22,2
1604,21,28,24,3
1605,27,27,27,0
1610,34,38,37,3
1614,22,30,29,7
1615,42,61,55,13
1619,42,49,46,4
1620,33,36,36,3
1624,39,41,40,1
1626,5,8,5,0
1628,43,48,47,4
1630,9,11,10,1
1632,49,62,60,11
1635,46,56,53,7
1636,19,25,22,3
1638,34,45,45,11
1639,24,25,25,1
1641,16,18,18,2
1642,26,47,39,13
1646,19,20,20,1
1648,24,26,24,0
1651,24,31,29,5
1657,20,22,20,0
1658,43,61,58,15
1659,20,26,25,5
1661,50,67,66,16
1662,30,32,32,2
1663,40,40,40,0
1664,15,17,17,2
1670,40,52,40,0
1672,31,37,35,4
1681,34,66,56,22
1682,20,32,23,3
1683,22,46,33,11
1684,25,28,27,2
1685,35,37,37,2
1686,34,36,36,2
1687,27,31,30,3
1688,43,46,45,2
1690,50,60,59,9
1693,1,2,2,1
1694,20,21,20,0
1698,36,39,39,3
1702,23,23,23,0
1703,19,25,23,4
1706,14,16,16,2
1708,14,21,17,3
1709,32,43,41,9
1710,23,24,24,1
1711,33,51,48,15
1715,35,42,40,5
1716,3,35,4,1
1717,58,61,61,3
1720,23,27,26,3
1722,22,74,62,40
1723,24,26,26,2
1725,52,53,53,1
1726,42,57,56,14
1729,38,38,38,0
1730,30,35,35,5
1731,18,24,21,3
1732,16,25,25,9
1733,39,44,44,5
1735,18,20,18,0
1738,33,43,42,9
1740,14,23,16,2
1741,33,34,34,1
1742,32,35,34,2
1743,34,36,36,2
1747,18,27,26,8
1750,35,38,38,3
1752,14,18,17,3
1753,35,54,40,5
1756,34,42,42,8
1757,23,44,29,6
1759,38,38,38,0
1760,51,61,56,5
1762,26,29,28,2
1763,37,41,41,4
1767,26,30,30,4
1769,40,47,44,4
1771,22,25,25,3
1772,16,25,19,3
1774,29,35,34,5
1777,25,31,30,5
1778,31,34,34,3
1780,46,50,49,3
1782,34,40,36,2
1787,23,29,28,5
1788,27,31,30,3
1791,28,29,29,1
1793,44,48,48,4
1794,22,25,24,2
1795,49,55,55,6
1798,19,32,30,11
1799,29,31,30,1
1801,18,19,19,1
1805,28,30,29,1
1807,35,49,44,9
1808,47,50,50,3
1811,18,30,20,2
1812,20,29,24,4
1814,42,55,55,13
1815,2,5,3,1
1816,16,16,16,0
1818,30,32,32,2
1819,19,21,21,2
1821,25,40,34,9
1826,38,54,47,9
1827,28,29,29,1
1832,22,52,47,25
1834,26,26,26,0
1837,21,25,24,3
1838,44,51,48,4
1840,25,31,26,1
1842,28,44,39,11
1843,22,23,23,1
1844,31,33,33,2
1845,18,20,19,1
1849,10,22,16,6
1851,46,60,59,13
1859,23,31,29,6
1861,23,25,25,2
1863,26,27,27,1
1867,31,35,34,3
1870,39,44,44,5
1871,27,31,30,3
1872,15,22,17,2
1873,46,47,47,1
1874,27,31,30,3
1876,15,17,17,2
1878,19,24,24,5
1879,22,24,24,2
1880,47,75,61,14
1887,40,44,41,1
1890,30,40,38,8
1892,24,29,28,4
1896,33,51,37,4
1897,21,22,22,1
1899,21,46,42,21
1908,7,12,11,4
1910,27,30,29,2
1915,26,34,32,6
1917,15,25,18,3
1920,13,20,19,6
1921,29,32,32,3
1922,20,28,27,7
1928,21,26,23,2
1930,1,6,1,0
1938,36,49,48,12
1941,25,26,26,1
1943,45,49,48,3
1946,17,20,20,3
1947,37,41,41,4
1949,37,47,42,5
1953,26,28,27,1
1956,12,23,18,6
1960,48,51,51,3
1961,30,41,38,8
1962,42,57,57,15
1966,31,41,40,9
1967,35,39,38,3
1969,15,19,18,3
1971,33,35,35,2
1972,44,69,66,22
1973,8,34,15,7
1975,15,17,16,1
1976,20,21,21,1
1984,36,42,41,5
1986,28,31,31,3
1987,29,60,46,17
1988,18,20,20,2
1993,17,18,17,0
1995,27,29,28,1
1997,45,47,47,2
1998,23,25,25,2
1999,37,39,39,2
2003,15,19,18,3
2004,34,37,36,2
2005,42,57,57,15
2011,25,27,26,1
2012,17,26,20,3
2018,22,24,23,1
2019,24,25,24,0
2021,1,6,1,0
2022,44,55,53,9
2024,15,24,19,4
2027,32,35,35,3
2032,21,33,26,5
2034,57,58,58,1
2036,29,36,34,5
2041,36,38,38,2
2042,19,36,32,13
2043,33,41,39,6
2045,34,83,48,14
2047,30,42,35,5
2048,16,21,18,2
2050,23,34,32,9
2053,26,27,26,0
2065,22,26,23,1
2067,30,55,35,5
2069,19,22,20,1
2070,17,17,17,0
2071,27,68,60,33
2072,37,45,44,7
2077,13,19,15,2
2078,42,52,47,5
2080,28,29,29,1
2084,26,28,27,1
2087,12,15,14,2
2098,51,58,58,7
2100,31,36,35,4
2103,9,9,9,0
2104,27,36,35,8
2109,6,26,18,12
2113,22,29,26,4
2123,24,24,24,0
2126,38,40,40,2
2127,18,18,18,0
2130,24,28,27,3
2133,27,40,35,8
2135,13,32,16,3
2138,13,22,14,1
2140,30,34,33,3
2145,63,69,69,6
2146,38,43,40,2
2147,9,10,10,1
2148,6,9,8,2
2149,50,59,58,8
2156,32,37,35,3
2157,36,46,44,8
2165,31,35,34,3
2166,27,30,29,2
2168,44,48,48,4
2174,30,35,33,3
2176,41,41,41,0
2179,14,21,16,2
2180,21,30,26,5
2184,10,29,21,11
2186,63,73,72,9
2187,9,11,11,2
2190,32,45,36,4
2192,11,12,11,0
2195,24,29,28,4
2199,33,38,36,3
2200,16,21,19,3
2208,34,41,39,5
2209,41,83,64,23
2212,44,55,55,11
2217,23,29,25,2
2222,32,54,49,17
2224,42,48,47,5
2226,50,60,59,9
2230,19,28,25,6
2236,21,66,48,27
2241,9,10,10,1
2244,31,42,36,5
2246,25,34,31,6
2247,29,32,30,1
2249,4,16,8,4
2250,29,31,31,2
2255,20,21,20,0
2262,40,41,41,1
2264,6,14,12,6
2265,28,35,35,7
2266,34,47,43,9
2271,3,7,4,1
2272,19,40,36,17
2273,18,23,22,4
2277,35,47,40,5
2279,23,67,64,41
2287,31,67,46,15
2288,30,34,34,4
2289,17,18,18,1
2290,26,32,29,3
2291,4,16,11,7
2295,37,38,38,1
2298,20,27,24,4
2299,10,11,11,1
2300,30,34,32,2
2301,22,25,25,3
2302,30,31,30,0
2303,22,32,27,5
2304,41,44,43,2
2305,33,35,34,1
2306,55,58,56,1
2307,35,39,39,4
2311,12,44,23,11
2313,32,35,34,2
2314,32,41,37,5
2318,19,25,24,5
2327,30,47,33,3
2328,19,23,21,2
2333,20,23,23,3
2336,32,45,45,13
2339,12,13,13,1
2342,29,35,33,4
2343,33,38,37,4
2347,33,35,34,1
2349,39,44,42,3
2351,38,38,38,0
2362,35,36,35,0
2368,29,39,35,6
2373,29,33,33,4
2374,64,80,73,9
2375,41,42,42,1
2377,32,36,36,4
2381,38,38,38,0
2385,70,87,86,16
2386,24,30,28,4
2389,47,54,49,2
2392,20,22,22,2
2396,25,29,27,2
2398,41,44,42,1
2400,30,52,36,6
2401,42,48,46,4
2404,18,23,21,3
2405,47,51,50,3
2406,46,56,49,3
2409,26,26,26,0
2410,20,25,23,3
2412,37,41,40,3
2417,50,54,54,4
2419,23,35,30,7
2420,44,51,50,6
2421,35,39,39,4
2422,15,22,21,6
2425,39,43,43,4
2426,21,25,24,3
2427,29,31,31,2
2428,32,38,38,6
2437,33,34,34,1
2438,32,33,33,1
2439,37,38,38,1
2440,41,47,45,4
2445,38,55,54,16
2446,39,43,40,1
2452,39,48,43,4
2454,27,33,31,4
2455,27,29,28,1
2456,62,68,66,4
2457,31,38,38,7
2458,51,52,52,1
2459,51,63,63,12
2460,32,39,39,7
2465,16,17,16,0
2466,40,47,46,6
2473,27,47,43,16
2474,43,48,47,4
2475,35,40,39,4
2477,27,30,30,3
2481,26,28,28,2
2483,42,45,45,3
2484,36,38,38,2
2493,21,46,31,10
2495,33,39,35,2
2499,39,49,48,9
2500,29,35,33,4
2501,46,48,48,2
2503,48,54,54,6
2504,41,45,44,3
2505,40,53,48,8
2506,37,70,53,16
2507,19,25,23,4
2509,38,43,42,4
2510,33,35,35,2
2512,34,43,39,5
2514,28,32,30,2
2515,45,59,51,6
2517,2,2,2,0
2520,27,27,27,0
2522,36,44,42,6
2524,35,39,38,3
2526,37,44,40,3
2527,47,59,58,11
2530,33,40,39,6
2532,35,40,40,5
2533,31,32,32,1
2539,37,49,42,5
2544,34,35,35,1
2546,30,34,30,0
2550,48,54,53,5
2553,30,54,34,4
2555,46,53,50,4
2557,26,29,29,3
2563,38,38,38,0
2564,32,32,32,0
2565,41,49,49,8
2566,35,42,42,7
2570,19,19,19,0
2571,30,41,41,11
2572,23,27,25,2
2573,28,29,29,1
2578,39,46,44,5
2579,13,22,21,8
2582,41,48,48,7
2585,53,59,56,3
2586,39,44,43,4
2587,41,42,42,1
2590,34,41,41,7
2592,49,55,54,5
2593,46,58,56,10
2597,9,11,10,1
2600,43,52,46,3
2602,26,32,30,4
2604,29,38,36,7
2605,34,40,40,6
2606,19,20,20,1
2607,50,58,53,3
2608,43,48,48,5
2612,46,52,52,6
2613,25,32,30,5
2614,52,63,60,8
2615,53,61,58,5
2618,29,44,32,3
2619,39,53,46,7
2620,42,45,44,2
2624,31,32,31,0
2625,51,55,55,4
2627,32,44,35,3
2629,40,46,45,5
2631,22,34,31,9
2635,49,50,50,1
2636,36,45,41,5
2639,16,137,60,44
2641,43,49,47,4
2643,27,35,34,7
2647,44,52,51,7
2649,24,30,28,4
2650,45,48,45,0
2652,34,35,35,1
2653,41,49,47,6
2655,23,34,27,4
2656,42,51,50,8
2657,26,30,30,4
2659,43,47,47,4
2665,36,36,36,0
2666,33,34,34,1
2667,22,27,25,3
2668,42,47,47,5
2669,46,51,51,5
2672,44,56,56,12
2674,35,42,41,6
2675,31,33,33,2
2678,38,40,40,2
2679,40,42,42,2
2680,37,62,40,3
2681,36,47,46,10
2683,50,58,58,8
2686,40,47,47,7
2687,36,56,49,13
2691,41,48,46,5
2694,31,33,33,2
2695,33,37,37,4
2696,44,47,47,3
2699,36,40,39,3
2700,28,40,31,3
2701,47,50,50,3
2706,33,34,34,1
2708,34,38,37,3
2709,28,41,40,12
2712,35,38,38,3
2713,42,50,47,5
2717,8,16,15,7
2719,24,24,24,0
2722,34,45,37,3
2723,60,63,63,3
2724,52,58,57,5
2728,22,25,25,3
2729,31,36,35,4
2736,45,61,57,12
2738,21,24,22,1
2740,24,65,29,5
2741,49,53,51,2
2749,22,22,22,0
2750,48,53,52,4
2752,32,68,65,33
2755,52,59,58,6
2761,9,20,11,2
2762,28,31,31,3
2763,21,22,22,1
2764,43,46,46,3
2765,30,37,34,4
2766,48,57,55,7
2768,54,60,59,5
2770,37,41,41,4
2771,30,34,32,2
2775,45,93,86,41
2777,43,43,43,0
2780,21,24,23,2
2782,32,35,33,1
2788,21,22,22,1
2789,41,53,53,12
2790,45,53,51,6
2792,35,37,37,2
2793,43,57,57,14
2795,23,37,24,1
2796,39,40,40,1
2798,52,63,60,8
2799,53,56,56,3
2804,35,42,41,6
2805,40,56,54,14
2811,25,32,30,5
2813,49,51,50,1
2817,51,64,63,12
2819,57,64,63,6
2820,48,53,52,4
2821,33,42,37,4
2822,29,33,33,4
2823,42,49,49,7
2824,30,37,37,7
2825,52,58,56,4
2827,50,52,52,2
2830,15,34,20,5
2841,25,30,29,4
2845,6,12,12,6
2848,31,50,41,10
2854,37,44,42,5
2855,30,36,34,4
2858,18,18,18,0
2862,47,58,58,11
2863,38,42,41,3
2864,19,22,22,3
2867,12,24,22,10
2870,25,30,29,4
2871,46,47,47,1
2872,28,33,30,2
2877,29,34,34,5
2879,58,67,65,7
2880,39,47,46,7
2881,42,51,51,9
2883,62,72,72,10
2887,48,53,52,4
2890,30,37,36,6
2891,33,43,37,4
2892,34,38,37,3
2893,39,48,45,6
2895,23,26,25,2
2896,35,40,38,3
2897,25,28,28,3
2898,35,49,38,3
2899,36,41,40,4
2900,37,55,51,14
2901,37,41,37,0
2904,50,56,56,6
2907,33,36,36,3
2908,30,31,31,1
2909,28,33,31,3
2913,36,47,39,3
2914,41,45,45,4
2917,32,40,40,8
2923,22,25,24,2
2924,23,36,29,6
2926,25,54,39,14
2928,39,47,45,6
2929,21,22,22,1
2930,40,47,45,5
2931,42,44,44,2
2932,18,20,20,2
2933,29,32,31,2
2934,61,69,65,4
2936,30,39,38,8
2944,37,45,43,6
2945,40,42,41,1
2950,37,45,38,1
2953,3,4,4,1
2955,55,65,61,6
2956,24,39,32,8
2960,54,65,64,10
2965,50,54,53,3
2967,25,29,26,1
2968,37,40,40,3
2970,12,21,16,4
2971,37,41,40,3
2977,53,57,56,3
2979,44,65,56,12
2980,35,40,39,4
2981,25,30,29,4
2982,59,75,73,14
2986,46,51,51,5
2987,29,30,30,1
2988,41,51,47,6
2989,23,27,24,1
2990,17,18,17,0
2992,43,49,49,6
2994,17,22,20,3
2997,48,60,60,12
2998,50,56,56,6
2999,37,42,41,4
3000,29,36,35,6
3001,49,50,50,1
3003,36,49,44,8
3007,36,43,41,5
3008,31,31,31,0
3009,30,35,34,4
3011,41,44,44,3
3013,24,28,27,3
3017,47,51,51,4
3022,26,32,32,6
3023,44,46,46,2
3025,22,23,23,1
3026,50,62,60,10
3028,60,66,66,6
3029,28,39,31,3
3030,23,25,24,1
3031,53,59,59,6
3032,38,40,38,0
3035,38,44,43,5
3036,19,23,23,4
3037,26,28,26,0
3038,20,26,21,1
3040,56,68,67,11
3041,2,4,2,0
3043,14,15,15,1
3044,53,70,66,13
3047,34,42,41,7
3052,48,61,58,10
3053,37,37,37,0
3055,47,60,59,12
3057,37,38,38,1
3062,47,53,51,4
3063,45,47,47,2
3064,28,31,31,3
3065,41,45,43,2
3069,35,39,39,4
3071,31,37,37,6
3072,8,10,9,1
3073,32,35,33,1
3074,30,36,34,4
3077,36,42,40,4
3078,39,52,52,13
3080,27,29,29,2
3084,29,37,36,7
3085,26,28,27,1
3089,56,62,62,6
3100,9,9,9,0
3101,28,38,33,5
3103,21,26,23,2
3106,22,23,23,1
3110,48,57,56,8
3111,33,36,36,3
3114,28,34,33,5
3115,24,34,26,2
3116,24,27,27,3
3118,24,34,31,7
3119,27,30,29,2
3122,45,47,47,2
3123,55,64,58,3
3124,33,55,51,18
3128,17,18,17,0
3132,40,45,45,5
3142,39,46,44,5
3145,20,22,22,2
3147,32,39,37,5
3150,31,37,34,3
3151,43,51,51,8
3152,37,45,45,8
3153,22,29,25,3
3161,22,23,23,1
3162,44,51,48,4
3164,38,45,43,5
3168,37,45,45,8
3172,31,33,32,1
3176,38,41,41,3
3178,49,54,54,5
3180,45,53,52,7
3181,21,25,25,4
3182,61,68,67,6
3187,41,45,44,3
3188,25,61,60,35
3189,50,54,54,4
3190,51,56,54,3
3191,20,31,25,5
3192,23,35,26,3
3194,50,57,57,7
3195,30,36,36,6
3198,21,26,24,3
3199,28,28,28,0
3200,54,63,60,6
3203,27,28,28,1
3204,15,21,19,4
3207,39,48,45,6
3208,28,34,33,5
3209,39,45,44,5
3211,22,26,26,4
3212,31,35,35,4
3214,28,32,32,4
3215,36,39,37,1
3220,24,25,25,1
3221,42,46,46,4
3222,32,35,35,3
3223,39,51,48,9
3225,27,39,34,7
3233,45,55,55,10
3236,46,54,51,5
3238,27,38,29,2
3246,21,22,22,1
3249,25,27,26,1
3250,38,42,41,3
3251,35,53,49,14
3253,33,35,35,2
3254,42,44,43,1
3258,46,62,61,15
3260,46,51,51,5
3262,41,44,44,3
3263,46,46,46,0
3264,37,53,44,7
3268,28,34,32,4
3270,42,57,52,10
3271,13,17,15,2
3275,50,55,54,4
3276,20,20,20,0
3278,34,55,49,15
3279,43,49,49,6
3281,29,35,34,5
3283,15,30,20,5
3284,31,50,42,11
3288,57,60,59,2
3289,45,46,46,1
3291,47,54,50,3
3294,38,68,56,18
3295,35,37,36,1
3298,44,58,57,13
3299,41,45,45,4
3300,44,47,47,3
3301,51,53,52,1
3302,41,51,47,6
3306,29,31,30,1
3309,43,47,46,3
3314,21,26,25,4
3315,22,23,23,1
3318,18,23,23,5
3320,34,40,40,6
3322,41,45,44,3
3323,42,44,44,2
3325,40,42,42,2
3328,32,39,37,5
3329,22,34,31,9
3331,10,21,19,9
3335,43,43,43,0
3336,29,42,37,8
3337,43,52,52,9
3338,46,48,48,2
3340,22,24,23,1
3344,32,35,35,3
3345,46,49,47,1
3348,26,32,32,6
3349,28,34,33,5
3350,40,46,44,4
3352,42,55,49,7
3356,50,60,59,9
3357,24,24,24,0
3358,37,43,43,6
3362,31,35,34,3
3363,22,25,23,1
3365,31,37,37,6
3368,36,37,37,1
3370,25,34,29,4
3371,20,20,20,0
3372,18,21,21,3
3373,32,35,33,1
3374,11,57,40,29
3376,23,25,24,1
3377,57,62,61,4
3379,24,30,28,4
3382,31,35,35,4
3384,14,22,17,3
3387,24,26,26,2
3390,29,30,30,1
3396,22,26,24,2
3397,25,29,28,3
3400,36,47,46,10
3402,35,39,36,1
3404,35,47,39,4
3407,23,50,42,19
3412,27,69,53,26
3415,23,32,32,9
3419,4,7,4,0
3422,50,53,52,2
3425,24,26,24,0
3426,36,39,39,3
3431,39,41,40,1
3432,29,30,30,1
3433,26,30,28,2
3435,17,21,17,0
3436,36,51,49,13
3440,22,31,27,5
3448,27,29,29,2
3455,39,46,46,7
3456,49,50,50,1
3458,29,31,31,2
3462,43,54,54,11
3464,35,43,42,7
3467,1,1,1,0
3468,17,39,32,15
3470,34,59,56,22
3472,37,43,43,6
3483,36,37,36,0
3484,38,40,40,2
3485,38,43,41,3
3487,32,39,37,5
3489,41,52,49,8
3491,31,35,33,2
3497,37,44,43,6
3499,40,55,46,6
3501,31,33,31,0
3503,47,57,55,8
3504,28,39,39,11
3505,36,39,38,2
3506,12,13,13,1
3507,23,24,23,0
3511,50,58,58,8
3512,29,37,35,6
3513,30,38,37,7
3522,38,39,39,1
3530,20,22,22,2
3533,23,27,25,2
3534,36,42,40,4
3535,53,58,57,4
3539,24,30,28,4
3540,39,40,40,1
3542,47,58,56,9
3543,36,43,42,6
3545,36,40,40,4
3546,37,39,38,1
3547,35,64,46,11
3550,27,27,27,0
3551,14,36,26,12
3553,44,46,46,2
3554,29,30,30,1
3557,38,42,42,4
3560,49,51,51,2
3561,49,55,55,6
3565,40,46,43,3
3567,48,52,51,3
3571,21,32,32,11
3572,36,39,39,3
3574,1,5,1,0
3575,42,53,51,9
3576,48,59,57,9
3577,33,39,38,5
3581,45,49,48,3
3582,36,38,37,1
3585,37,45,44,7
3586,41,45,44,3
3587,34,40,37,3
3589,25,28,28,3
3593,55,57,57,2
3597,39,43,43,4
3598,26,29,28,2
3599,30,33,33,3
3601,20,25,22,2
3602,44,57,53,9
3603,38,45,45,7
3604,49,54,53,4
3605,44,49,49,5
3608,7,13,8,1
3613,50,53,53,3
3614,35,41,41,6
3615,37,38,37,0
3616,33,37,36,3
3621,28,33,33,5
3626,48,56,55,7
3628,22,24,24,2
3633,31,45,43,12
3635,49,56,54,5
3637,18,20,20,2
3641,32,33,33,1
3644,38,42,42,4
3647,33,69,57,24
3649,26,31,30,4
3650,35,38,38,3
3651,35,37,37,2
3653,21,40,26,5
3654,33,43,36,3
3656,1,7,1,0
3659,32,34,32,0
3661,30,48,42,12
3663,14,16,16,2
3664,39,41,41,2
3665,60,63,61,1
3668,21,31,26,5
3669,31,31,31,0
3673,28,115,36,8
3674,45,49,47,2
3675,17,33,25,8
3676,44,50,49,5
3677,32,67,42,10
3678,40,44,44,4
3679,5,17,5,0
3684,47,50,50,3
3693,26,43,37,11
3696,24,31,29,5
3697,26,43,26,0
3698,44,67,62,18
3700,37,38,38,1
3701,40,44,42,2
3702,19,36,20,1
3703,37,40,38,1
3704,23,24,24,1
3705,7,14,13,6
3707,37,37,37,0
3708,27,29,28,1
3710,4,9,8,4
3711,45,56,53,8
3713,47,50,50,3
3717,17,18,17,0
3719,32,36,35,3
3723,19,36,29,10
3726,47,54,54,7
3729,24,43,29,5
3730,44,46,46,2
3731,42,48,46,4
3732,38,38,38,0
3734,41,51,49,8
3735,36,46,45,9
3739,40,47,44,4
3741,34,36,35,1
3742,49,51,51,2
3743,62,62,62,0
3744,18,60,40,22
3745,41,49,47,6
3748,25,40,31,6
3755,39,53,47,8
3756,41,62,54,13
3757,53,62,61,8
3758,37,38,38,1
3760,55,59,59,4
3762,39,43,42,3
3763,43,53,51,8
3766,12,15,14,2
3767,23,28,27,4
3768,38,41,41,3
3769,42,47,46,4
3770,48,48,48,0
3771,38,52,46,8
3774,31,57,45,14
3775,38,43,43,5
3776,45,52,52,7
3777,32,44,44,12
3778,49,56,56,7
3781,16,20,16,0
3790,36,41,40,4
3793,53,58,58,5
3794,38,44,44,6
3795,35,47,45,10
3796,35,40,38,3
3797,31,35,32,1
3799,35,44,44,9
3802,17,29,22,5
3803,46,48,48,2
3805,38,44,41,3
3807,40,47,47,7
3809,51,55,53,2
3811,23,24,24,1
3812,18,21,21,3
3813,14,15,15,1
3814,37,38,38,1
3815,25,26,26,1
3817,38,55,48,10
3818,19,20,19,0
3819,36,42,40,4
3820,30,34,33,3
3821,42,58,54,12
3822,30,77,71,41
3824,29,29,29,0
3831,18,19,19,1
3832,23,33,33,10
3836,39,46,46,7
3839,30,46,36,6
3840,53,60,58,5
3841,25,26,26,1
3847,30,32,30,0
3850,19,23,23,4
3851,34,37,35,1
3852,16,21,17,1
3855,29,30,30,1
3857,49,57,57,8
3858,13,64,22,9
3859,54,55,55,1
3860,31,43,39,8
3862,18,60,37,19
3863,44,50,48,4
3865,21,23,23,2
3866,34,50,48,14
3867,38,45,43,5
3870,32,35,35,3
3872,39,45,44,5
3873,41,53,53,12
3875,33,36,36,3
3876,19,21,20,1
3879,38,46,46,8
3882,42,44,44,2
3883,58,66,66,8
3885,19,20,20,1
3886,21,25,25,4
3887,8,22,13,5
3889,36,78,52,16
3892,35,41,39,4
3893,57,64,64,7
3896,23,25,25,2
3897,21,25,22,1
3902,27,39,35,8
3903,43,58,58,15
3904,38,42,42,4
3907,19,23,21,2
3908,46,50,49,3
3909,37,45,40,3
3911,31,36,34,3
3912,19,21,20,1
3915,36,42,41,5
3918,4,10,8,4
3922,20,21,21,1
3926,17,25,22,5
3929,34,37,36,2
3931,11,16,15,4
3932,35,40,40,5
3933,49,53,52,3
3934,21,21,21,0
3935,17,20,17,0
3939,27,36,36,9
3940,34,38,36,2
3943,47,51,51,4
3952,24,78,41,17
3953,25,34,34,9
3954,39,45,44,5
3955,21,22,22,1
3960,43,44,44,1
3961,38,46,45,7
3962,37,37,37,0
3963,39,61,53,14
3966,17,18,18,1
3967,49,58,53,4
3969,36,41,40,4
3971,27,39,32,5
3974,42,44,44,2
3976,33,36,34,1
3979,17,19,18,1
3981,36,39,39,3
3982,33,37,35,2
3984,46,59,58,12
3985,19,22,22,3
3986,33,34,34,1
3987,44,49,48,4
3997,30,32,31,1
4001,35,47,40,5
4005,16,18,17,1
4006,31,34,31,0
4012,33,33,33,0
4014,44,50,49,5
4015,40,44,42,2
4016,53,56,56,3
4017,46,49,49,3
4018,47,49,49,2
4020,48,50,50,2
4021,7,9,9,2
4022,26,30,28,2
4025,47,51,51,4
4027,30,36,35,5
4028,39,39,39,0
4029,35,35,35,0
4030,18,24,22,4
4033,52,54,54,2
4036,37,44,41,4
4039,13,20,16,3
4040,50,55,55,5
4047,38,50,44,6
4054,34,40,37,3
4055,38,43,42,4
4056,49,53,53,4
4060,39,42,41,2
4063,36,49,46,10
4066,18,22,21,3
4068,34,37,36,2
4071,42,44,43,1
4072,44,45,45,1
4076,22,26,25,3
4083,22,24,24,2
4084,39,48,47,8
4088,41,46,45,4
4089,42,43,43,1
4091,34,37,36,2
4092,52,57,57,5
4094,13,16,15,2
4097,31,40,38,7
4098,30,44,43,13
4105,46,51,49,3
4107,47,54,52,5
4108,32,52,44,12
4109,13,17,17,4
4113,43,53,53,10
4118,16,32,21,5
4127,15,19,19,4
4128,33,34,34,1
4130,36,41,41,5
4131,58,65,62,4
4132,16,23,22,6
4137,57,58,58,1
4143,23,24,24,1
4144,22,30,27,5
4148,38,48,48,10
4149,23,33,28,5
4150,6,16,10,4
4151,31,34,34,3
4152,35,40,39,4
4153,31,50,40,9
4157,32,36,35,3
4158,40,44,42,2
4163,57,63,63,6
4164,23,28,26,3
4165,13,16,16,3
4166,52,56,56,4
4168,28,84,57,29
4176,42,47,45,3
4178,19,21,21,2
4179,26,30,29,3
4181,25,27,25,0
4182,28,34,31,3
4183,31,36,36,5
4189,49,49,49,0
4190,37,41,40,3
4191,36,49,41,5
4195,28,33,31,3
4196,22,22,22,0
4198,39,43,43,4
4199,35,37,37,2
4204,35,49,39,4
4205,46,49,48,2
4207,24,38,34,10
4208,15,20,19,4
4209,36,37,37,1
4211,27,51,37,10
4216,11,24,21,10
4217,3,26,5,2
4219,34,39,39,5
4220,42,45,43,1
4221,41,45,44,3
4223,23,26,26,3
4228,43,48,48,5
4230,30,46,42,12
4232,39,47,42,3
4234,31,38,34,3
4238,29,33,31,2
4239,40,40,40,0
4241,37,41,41,4
4242,25,25,25,0
4243,26,33,32,6
4244,43,48,47,4
4251,29,49,39,10
4252,35,44,44,9
4253,39,45,43,4
4256,1,4,1,0
4260,7,7,7,0
4263,31,32,32,1
4265,24,26,25,1
4266,10,36,10,0
4270,34,38,37,3
4275,25,52,42,17
4276,24,29,28,4
4278,25,26,25,0
4282,30,34,34,4
4287,27,28,28,1
4288,19,22,20,1
4289,46,46,46,0
4293,30,38,33,3
4297,44,51,49,5
4299,43,54,50,7
4302,31,45,37,6
4303,48,50,50,2
4307,36,40,39,3
4308,30,31,31,1
4309,36,38,37,1
4313,26,31,28,2
4315,55,64,63,8
4319,46,64,60,14
4320,49,52,52,3
4322,49,65,64,15
4327,23,31,29,6
4328,43,53,51,8
4331,46,50,49,3
4332,57,61,59,2
4333,39,40,39,0
4335,27,32,32,5
4338,48,56,55,7
4343,32,42,41,9
4345,41,43,43,2
4348,27,37,36,9
4350,39,43,41,2
4353,32,33,33,1
4355,42,47,47,5
4359,24,30,29,5
4360,51,56,56,5
4363,41,71,45,4
4364,46,54,54,8
4365,14,21,17,3
4367,43,48,48,5
4371,40,43,43,3
4376,1,1,1,0
4377,45,50,47,2
4378,14,29,29,15
4381,34,36,36,2
4383,46,46,46,0
4385,14,33,17,3
4387,34,36,36,2
4390,35,36,36,1
4393,43,45,45,2
4394,49,49,49,0
4396,30,42,37,7
4402,13,15,15,2
4403,30,33,32,2
4407,50,63,56,6
4410,41,44,43,2
4413,23,26,25,2
4417,25,38,28,3
4418,5,9,5,0
4420,30,31,30,0
4421,43,50,50,7
4423,36,38,38,2
4424,15,15,15,0
4431,51,56,56,5
4434,31,35,35,4
4435,31,34,34,3
4436,22,24,24,2
4437,30,32,31,1
4443,43,48,48,5
4444,40,69,55,15
4451,34,49,45,11
4456,38,42,42,4
4457,39,45,42,3
4460,52,56,55,3
4464,30,32,32,2
4466,18,23,22,4
4472,40,47,45,5
4477,42,67,62,20
4478,50,60,58,8
4481,43,45,44,1
4482,43,51,50,7
4483,52,67,65,13
4484,46,47,47,1
4488,31,37,37,6
4489,44,48,47,3
4490,63,84,82,19
4491,41,50,49,8
4495,39,45,44,5
4496,38,42,40,2
4502,34,37,36,2
4508,44,57,55,11
4509,37,44,42,5
4511,43,47,46,3
4512,23,24,24,1
4513,51,52,52,1
4515,18,22,21,3
4516,40,44,44,4
4518,53,63,60,7
4520,26,41,40,14
4523,42,47,45,3
4525,47,64,61,14
4527,16,26,21,5
4529,36,38,37,1
4536,35,39,39,4
4538,40,44,43,3
4539,43,50,49,6
4541,19,22,22,3
4542,34,37,36,2
4543,41,43,43,2
4546,26,28,28,2
4550,17,49,37,20
4551,6,8,8,2
4553,34,39,39,5
4554,40,44,44,4
4555,52,65,64,12
4557,41,53,52,11
4558,42,50,46,4
4561,23,23,23,0
4563,46,58,56,10
4564,24,57,35,11
4568,28,34,32,4
4573,36,44,39,3
4575,24,26,24,0
4576,29,34,32,3
4577,37,44,40,3
4581,7,14,8,1
4582,35,46,44,9
4583,25,29,29,4
4591,35,39,39,4
4594,45,50,49,4
4596,28,33,33,5
4597,28,32,31,3
4601,20,22,20,0
4602,24,27,25,1
4609,34,47,47,13
4610,26,26,26,0
4611,10,18,10,0
4613,25,30,29,4
4616,17,19,18,1
4620,37,37,37,0
4621,26,40,36,10
4624,14,24,18,4
4626,52,57,55,3
4628,29,37,33,4
4629,44,46,44,0
4632,39,58,51,12
4633,19,42,29,10
4634,27,27,27,0
4635,24,27,26,2
4637,38,49,49,11
4638,25,28,28,3
4639,23,28,26,3
4640,38,43,39,1
4642,13,41,18,5
4646,26,32,29,3
4647,23,31,26,3
4650,22,23,23,1
4652,34,40,39,5
4655,15,18,17,2
4658,47,49,49,2
4661,23,25,25,2
4663,32,45,45,13
4664,22,26,25,3
4666,45,53,52,7
4668,56,65,65,9
4669,47,58,56,9
4675,31,37,35,4
4676,49,60,58,9
4680,35,42,42,7
4681,48,51,50,2
4684,31,47,39,8
4686,41,45,45,4
4688,28,31,30,2
4689,42,54,50,8
4690,25,26,25,0
4692,10,23,10,0
4694,19,46,30,11
4696,26,30,27,1
4700,24,28,26,2
4701,36,46,44,8
4706,20,22,21,1
4707,32,35,33,1
4708,26,28,27,1
4711,20,23,21,1
4718,43,46,46,3
4719,43,46,46,3
4723,41,52,44,3
4727,27,29,28,1
4729,51,60,59,8
4730,22,23,23,1
4732,42,51,51,9
4735,43,54,51,8
4737,39,48,47,8
4740,21,23,23,2
4742,11,12,12,1
4743,40,44,42,2
4745,30,33,33,3
4746,27,37,34,7
4747,33,38,38,5
4749,37,37,37,0
4750,42,44,44,2
4752,29,31,31,2
4757,15,21,19,4
4761,20,42,29,9
4763,2,2,2,0
4766,39,45,44,5
4767,25,32,32,7
4770,26,27,27,1
4773,23,28,27,4
4775,27,32,32,5
4777,20,22,22,2
4779,24,31,28,4
4780,23,24,24,1
4781,23,26,26,3
4782,27,32,32,5
4789,46,58,57,11
4792,57,66,65,8
4793,42,44,44,2
4794,1,5,1,0
4796,33,34,34,1
4797,39,39,39,0
4798,43,48,48,5
4808,43,45,45,2
4809,15,18,17,2
4810,39,44,44,5
4812,41,43,42,1
4814,59,60,59,0
4817,44,51,51,7
4818,13,13,13,0
4819,25,30,27,2
4820,42,43,43,1
4824,29,32,31,2
4826,28,30,29,1
4828,41,46,45,4
4832,30,36,35,5
4837,49,58,56,7
4838,42,67,48,6
4848,32,38,38,6
4849,22,22,22,0
4852,27,32,30,3
4854,25,25,25,0
4857,42,49,49,7
4859,41,46,44,3
4860,1,2,1,0
4863,31,45,35,4
4866,25,27,27,2
4867,56,60,59,3
4872,37,42,42,5
4875,22,53,25,3
4876,20,23,23,3
4879,40,43,43,3
4880,37,46,45,8
4881,32,40,38,6
4886,25,34,33,8
4887,17,17,17,0
4890,30,32,32,2
4891,25,41,35,10
4892,20,22,22,2
4893,43,46,46,3
4897,36,39,38,2
4898,20,26,25,5
4900,32,36,35,3
4901,25,28,27,2
4902,31,35,31,0
4904,15,20,20,5
4905,48,57,54,6
4911,51,55,54,3
4912,38,44,44,6
4918,55,68,65,10
4919,9,9,9,0
4920,21,24,23,2
4924,44,54,53,9
4927,26,27,27,1
4932,21,23,22,1
4934,59,67,67,8
4935,26,32,31,5
4937,29,36,34,5
4943,17,19,18,1
4945,54,57,57,3
4946,16,19,18,2
4949,37,39,38,1
4950,50,78,72,22
4951,35,39,38,3
4952,26,28,28,2
4953,46,49,48,2
4954,22,34,31,9
4955,31,33,33,2
4957,41,50,50,9
4958,43,50,50,7
4961,42,47,46,4
4963,26,30,29,3
4965,44,46,45,1
4967,24,31,30,6
4971,47,54,54,7
4974,39,46,45,6
4975,35,43,41,6
4976,31,33,33,2
4977,45,50,50,5
4980,21,22,22,1
4981,35,40,40,5
4986,38,41,41,3
4990,19,20,20,1
4991,30,34,33,3
4996,22,31,30,8
5001,32,34,34,2
5002,9,20,20,11
5004,31,31,31,0
5005,45,51,50,5
5006,31,43,40,9
5009,27,32,28,1
5010,40,54,51,11
5013,33,41,39,6
5014,37,52,41,4
5015,17,30,24,7
5016,38,41,41,3
5017,16,26,19,3
5021,24,25,25,1
5027,31,43,37,6
5029,32,47,41,9
5033,1,33,15,14
5036,37,44,42,5
5040,37,40,39,2
5041,25,29,28,3
5050,23,28,28,5
5057,35,35,35,0
5061,40,44,42,2
5066,28,29,29,1
5069,39,41,41,2
5071,35,36,36,1
5073,31,35,35,4
5075,40,46,45,5
5076,50,51,51,1
5082,37,38,37,0
5084,52,54,54,2
5085,32,33,33,1
5086,50,55,55,5
5088,37,49,47,10
5090,21,21,21,0
5091,33,38,38,5
5092,17,18,18,1
5094,38,41,41,3
5095,47,48,48,1
5096,34,44,41,7
5097,32,33,33,1
5099,41,47,46,5
5100,37,39,39,2
5101,56,68,67,11
5104,44,46,45,1
5110,45,51,51,6
5111,25,36,32,7
5114,27,31,31,4
5115,44,48,46,2
5117,51,54,54,3
5119,40,111,110,70
5121,22,23,23,1
5123,1,2,1,0
5125,34,37,36,2
5129,34,36,36,2
5132,38,45,44,6
5133,37,39,39,2
5134,30,34,33,3
5136,40,43,43,3
5138,46,56,54,8
5147,58,67,65,7
5149,43,49,48,5
5154,46,48,48,2
5161,29,33,33,4
5164,32,36,36,4
5165,52,60,59,7
5166,55,61,60,5
5168,37,39,39,2
5170,28,38,32,4
5174,30,34,32,2
5176,55,56,56,1
5177,19,21,20,1
5178,59,61,59,0
5179,39,43,42,3
5183,24,30,25,1
5188,53,63,60,7
5192,13,16,15,2
5193,44,46,46,2
5194,39,39,39,0
5195,50,55,55,5
5202,35,38,38,3
5203,27,37,31,4
5205,21,23,23,2
5206,30,35,34,4
5210,23,26,26,3
5212,23,24,24,1
5214,28,41,38,10
5215,50,53,53,3
5216,43,47,45,2
5218,32,42,37,5
5220,21,21,21,0
5223,29,31,30,1
5224,37,44,43,6
5229,18,24,21,3
5230,47,53,52,5
5232,23,30,28,5
5233,51,60,58,7
5234,22,24,24,2
5237,25,27,27,2
5238,50,57,56,6
5243,6,6,6,0
5245,28,55,50,22
5246,46,54,52,6
5248,40,43,43,3
5249,24,25,25,1
5251,39,44,43,4
5257,43,43,43,0
5258,41,44,43,2
5259,41,47,45,4
5261,21,22,22,1
5262,38,41,41,3
5267,31,31,31,0
5268,31,38,36,5
5270,35,51,49,14
5271,35,41,37,2
5274,26,29,29,3
5275,49,49,49,0
5276,50,56,55,5
5280,35,44,43,8
5283,26,30,27,1
5287,38,49,49,11
5288,35,41,40,5
5291,8,15,13,5
5292,38,38,38,0
5295,12,13,13,1
5296,38,40,39,1
5297,50,69,67,17
5298,39,44,41,2
5304,9,16,9,0
5305,50,53,53,3
5306,70,74,74,4
5308,50,60,59,9
5310,24,29,27,3
5311,17,17,17,0
5313,48,55,54,6
5314,55,63,62,7
5315,46,50,50,4
5317,24,25,25,1
5320,37,43,43,6
5323,30,36,33,3
5326,51,73,73,22
5327,46,51,51,5
5328,35,37,37,2
5330,38,42,41,3
5333,15,23,20,5
5335,60,71,63,3
5337,25,29,25,0
5340,44,45,45,1
5347,33,43,43,10
5350,28,41,38,10
5351,33,36,36,3
5354,41,44,42,1
5355,35,36,36,1
5359,24,26,25,1
5360,34,38,36,2
5361,46,52,49,3
5365,20,20,20,0
5367,32,42,41,9
5369,49,51,51,2
5370,24,24,24,0
5372,44,47,47,3
5373,32,36,34,2
5375,41,46,46,5
5376,35,40,40,5
5378,29,31,31,2
5380,49,58,55,6
5381,32,36,34,2
5382,43,47,46,3
5384,45,47,47,2
5385,17,34,27,10
5386,28,37,32,4
5387,10,21,19,9
5394,28,33,31,3
5396,28,29,28,0
5402,33,33,33,0
5404,43,46,46,3
5410,29,33,33,4
5411,31,33,33,2
5413,42,51,51,9
5416,25,26,26,1
5417,55,64,63,8
5418,48,50,50,2
5421,20,38,33,13
5422,34,39,39,5
5428,48,58,57,9
5429,31,33,33,2
5431,44,47,46,2
5432,33,33,33,0
5433,19,30,21,2
5434,33,36,36,3
5441,49,54,52,3
5443,49,61,59,10
5446,31,34,32,1
5449,40,42,41,1
5450,41,46,45,4
5453,33,34,34,1
5454,47,55,54,7
5456,14,37,35,21
5458,33,41,36,3
5461,25,36,34,9
5462,37,37,37,0
5465,28,38,37,9
5468,45,47,46,1
5470,37,42,42,5
5471,46,47,47,1
5472,22,24,24,2
5473,30,31,31,1
5477,45,54,52,7
5479,29,32,31,2
5480,21,23,22,1
5482,22,28,27,5
5483,36,38,38,2
5484,31,34,32,1
5487,21,31,27,6
5488,39,43,43,4
5489,35,37,36,1
5491,38,42,42,4
5494,45,47,47,2
5495,26,29,29,3
5496,45,46,46,1
5501,24,25,25,1
5502,40,53,51,11
5504,32,37,35,3
5505,47,54,52,5
5507,37,40,40,3
5514,36,36,36,0
5515,35,41,41,6
5518,41,44,42,1
5519,32,33,33,1
5521,36,45,43,7
5522,39,45,45,6
5530,30,31,31,1
5532,46,51,50,4
5533,22,28,25,3
5535,51,61,61,10
5536,42,47,46,4
5537,32,42,35,3
5538,45,53,53,8
5543,43,51,48,5
5544,46,48,48,2
5545,54,58,55,1
5550,29,33,31,2
5552,38,40,38,0
5554,41,49,48,7
5557,39,41,41,2
5558,44,48,45,1
5559,45,51,50,5
5561,58,69,66,8
5564,39,50,49,10
5568,43,46,46,3
5569,45,47,47,2
5580,1,2,1,0
5581,70,74,72,2
5582,41,45,43,2
5583,35,36,36,1
5586,31,31,31,0
5590,37,40,39,2
5591,37,42,41,4
5596,43,45,44,1
5597,1,6,6,5
5598,38,39,39,1
5604,39,48,44,5
5605,40,59,56,16
5606,18,21,21,3
5613,39,47,45,6
5614,46,49,49,3
5615,52,61,61,9
5616,45,51,49,4
5618,17,119,22,5
5624,44,47,46,2
5630,30,42,40,10
5632,9,10,9,0
5635,32,37,34,2
5637,38,41,40,2
5639,34,35,35,1
5640,39,48,48,9
5641,53,67,61,8
5645,38,43,41,3
5648,45,56,52,7
5650,44,49,49,5
5651,43,45,45,2
5652,35,42,41,6
5655,37,43,42,5
5657,46,51,51,5
5658,23,31,25,2
5659,44,49,49,5
5661,37,40,40,3
5666,25,27,27,2
5668,29,31,31,2
5672,47,54,52,5
5680,43,50,50,7
5682,53,58,57,4
5685,41,50,50,9
5688,64,80,79,15
5689,26,28,28,2
5693,41,41,41,0
5697,40,42,42,2
5698,39,44,44,5
5699,23,28,24,1
5700,30,35,33,3
5706,18,23,20,2
5712,38,47,47,9
5713,58,61,61,3
5714,51,52,52,1
5717,25,27,26,1
5720,46,58,57,11
5721,33,34,34,1
5722,13,14,13,0
5723,46,49,49,3
5724,45,51,49,4
5725,27,35,32,5
5726,29,29,29,0
5732,27,29,27,0
5735,10,19,13,3
5742,44,56,55,11
5744,19,27,27,8
5745,41,50,49,8
5747,42,51,48,6
5748,33,41,36,3
5755,27,28,28,1
5758,47,49,49,2
5759,57,67,64,7
5760,46,52,52,6
5763,47,52,49,2
5766,43,54,52,9
5770,8,10,10,2
5771,51,53,53,2
5773,18,21,19,1
5775,33,56,49,16
5776,34,36,36,2
5777,50,51,51,1
5779,34,35,35,1
5781,28,30,30,2
5787,37,43,43,6
5789,34,36,36,2
5790,10,13,11,1
5799,14,17,17,3
5800,21,24,23,2
5801,28,30,30,2
5808,31,38,35,4
5810,31,38,38,7
5811,41,48,48,7
5814,45,59,58,13
5815,51,56,54,3
5816,39,41,40,1
5819,30,32,31,1
5820,25,26,26,1
5821,26,27,27,1
5825,16,52,23,7
5826,7,7,7,0
5830,32,32,32,0
5833,35,39,37,2
5836,51,58,57,6
5838,36,42,42,6
5839,41,50,47,6
5842,40,43,43,3
5843,33,36,36,3
5846,37,40,40,3
5848,40,46,46,6
5852,18,20,19,1
5854,32,37,37,5
5860,34,38,38,4
5863,37,37,37,0
5864,29,46,38,9
5867,24,27,24,0
5870,54,62,59,5
5871,41,49,48,7
5874,1,3,2,1
5875,45,57,54,9
5876,49,52,51,2
5882,37,39,39,2
5886,38,45,45,7
5891,40,40,40,0
5892,43,47,45,2
5893,26,32,27,1
5894,49,55,55,6
5895,20,27,20,0
5898,22,45,29,7
5901,60,68,67,7
5907,34,45,42,8
5908,37,38,38,1
5909,6,14,6,0
5911,30,38,36,6
5912,28,40,35,7
5913,54,60,59,5
5916,51,57,57,6
5920,28,90,55,27
5922,51,60,59,8
5925,25,27,26,1
5926,41,45,45,4
5927,52,56,56,4
5928,29,34,33,4
5934,25,54,29,4
5936,21,23,22,1
5942,57,68,67,10
5945,32,34,32,0
5948,44,49,48,4
5950,36,42,41,5
5953,31,32,32,1
5954,22,23,23,1
5956,20,21,21,1
5959,21,30,25,4
5960,55,60,60,5
5961,41,44,42,1
5964,45,50,50,5
5965,53,63,59,6
5968,26,30,26,0
5971,54,62,62,8
5973,48,60,58,10
5977,51,54,52,1
5978,22,22,22,0
5979,24,26,25,1
5982,43,47,47,4
5983,40,41,41,1
5984,2,2,2,0
5986,57,60,58,1
5988,32,40,39,7
5989,52,57,54,2
5999,27,31,29,2
6003,37,39,39,2
6004,10,13,11,1
6006,43,45,45,2
6009,41,46,46,5
6010,25,32,30,5
6012,52,64,62,10
6016,45,54,53,8
6017,43,46,45,2
6018,28,31,30,2
6019,29,29,29,0
6021,30,36,32,2
6023,50,55,54,4
6025,27,32,31,4
6026,39,43,41,2
6027,32,65,55,23
6031,28,32,29,1
6034,28,36,34,6
6035,43,48,48,5
6036,32,34,33,1
6037,50,60,60,10
6038,47,55,53,6
6040,41,45,45,4
6046,32,35,35,3
6050,50,58,57,7
6051,45,67,58,13
6052,42,47,46,4
6053,41,62,58,17
6064,33,34,34,1
6067,59,69,68,9
6068,44,46,45,1
6072,13,24,20,7
6076,33,33,33,0
6078,48,62,57,9
6079,38,46,46,8
6082,44,46,45,1
6084,34,35,35,1
6085,39,48,46,7
6086,38,40,40,2
6087,17,21,19,2
6088,18,29,25,7
6089,42,45,44,2
6092,40,44,44,4
6093,36,39,39,3
6098,26,29,28,2
6099,40,44,43,3
6100,33,39,35,2
6107,33,38,35,2
6108,38,46,46,8
6115,42,46,45,3
6116,36,40,40,4
6121,30,31,31,1
6122,44,65,62,18
6123,32,36,35,3
6124,38,45,45,7
6130,50,50,50,0
6132,30,36,35,5
6134,52,61,60,8
6137,52,53,53,1
6140,28,30,30,2
6146,21,46,30,9
6147,16,17,17,1
6148,41,51,50,9
6155,29,35,35,6
6156,55,62,62,7
6157,20,21,21,1
6158,50,64,62,12
6159,34,41,40,6
6163,33,52,51,18
6164,25,28,27,2
6166,45,48,48,3
6168,16,17,17,1
6170,32,42,41,9
6173,33,40,37,4
6174,38,44,44,6
6176,17,17,17,0
6177,18,18,18,0
6179,47,67,64,17
6180,31,31,31,0
6181,45,47,47,2
6182,28,28,28,0
6183,29,34,34,5
6186,37,39,39,2
6187,41,45,44,3
6189,30,33,32,2
6193,37,42,42,5
6196,50,67,63,13
6199,55,62,61,6
6200,29,29,29,0
6203,44,51,51,7
6206,62,84,82,20
6210,34,36,36,2
6211,33,36,36,3
6212,38,40,40,2
6213,41,48,47,6
6214,33,37,34,1
6215,36,39,39,3
6217,30,33,32,2
6221,35,41,40,5
6222,29,48,42,13
6226,41,46,44,3
6227,16,20,19,3
6228,19,20,20,1
6229,30,34,34,4
6230,36,37,36,0
6234,38,41,41,3
6235,28,33,32,4
6236,32,35,34,2
6237,33,42,41,8
6239,20,23,23,3
6242,49,52,51,2
6245,41,52,45,4
6246,44,54,53,9
6253,52,56,55,3
6255,41,44,43,2
6259,25,35,34,9
6264,39,46,46,7
6266,46,48,48,2
6267,38,41,41,3
6268,51,56,55,4
6271,34,37,37,3
6272,44,51,50,6
6273,50,51,51,1
6274,26,30,29,3
6275,40,41,41,1
6276,16,19,18,2
6277,41,51,50,9
6278,43,62,47,4
6282,36,44,41,5
6285,24,28,27,3
6286,47,52,49,2
6287,39,44,43,4
6292,38,39,39,1
6294,11,11,11,0
6295,32,34,33,1
6298,38,44,44,6
6301,37,38,38,1
6304,27,31,29,2
6305,35,36,36,1
6306,42,43,43,1
6309,50,52,52,2
6310,17,35,25,8
6319,43,48,47,4
6320,55,60,59,4
6321,29,33,33,4
6326,41,43,43,2
6327,52,56,56,4
6329,45,53,53,8
6330,33,39,38,5
6331,30,31,31,1
6336,32,37,36,4
6337,25,26,26,1
6338,30,35,34,4
6345,21,28,23,2
6346,38,49,48,10
6347,39,47,47,8
6348,56,66,66,10
6349,57,61,60,3
6350,33,38,36,3
6352,40,49,47,7
6353,34,39,39,5
6354,27,33,31,4
6359,34,36,36,2
6360,39,43,43,4
6364,19,29,25,6
6365,54,55,55,1
6367,39,48,46,7
6368,29,32,31,2
6373,42,48,45,3
6375,52,61,59,7
6382,56,60,60,4
6383,45,66,61,16
6386,51,55,54,3
6388,49,51,51,2
6392,27,31,30,3
6393,32,41,40,8
6396,48,54,52,4
6397,29,30,30,1
6399,48,52,52,4
6413,16,16,16,0
6417,30,34,33,3
6420,41,44,43,2
6422,39,42,42,3
6426,33,39,38,5
6432,24,25,24,0
6438,18,23,23,5
6446,32,54,50,18
6449,24,28,26,2
6450,18,19,19,1
6458,44,49,48,4
6461,23,30,25,2
6464,45,46,46,1
6469,41,47,47,6
6470,21,32,27,6
6472,28,33,32,4
6476,44,48,47,3
6480,33,41,41,8
6481,35,37,37,2
6482,42,42,42,0
6484,18,18,18,0
6485,29,33,33,4
6486,43,50,49,6
6491,31,36,33,2
6492,24,50,49,25
6493,38,40,38,0
6496,46,54,54,8
6498,35,38,38,3
6502,39,44,44,5
6503,30,39,34,4
6505,22,23,23,1
6506,41,45,43,2
6508,22,25,24,2
6520,51,51,51,0
6522,37,46,45,8
6523,40,45,45,5
6524,29,36,32,3
6525,22,29,25,3
6527,42,47,47,5
6529,32,32,32,0
6530,48,56,55,7
6535,25,30,29,4
6546,46,53,53,7
6549,26,36,34,8
6550,14,16,14,0
6554,44,51,46,2
6555,22,33,33,11
6558,49,52,51,2
6559,28,30,30,2
6561,51,55,52,1
6564,31,32,32,1
6566,33,45,40,7
6569,41,52,51,10
6573,19,19,19,0
6576,26,26,26,0
6578,27,31,30,3
6579,47,55,54,7
6580,50,68,65,15
6588,51,52,51,0
6589,35,40,38,3
6593,26,32,31,5
6597,39,41,41,2
6599,37,40,40,3
6602,40,42,42,2
6607,19,19,19,0
6613,19,21,21,2
6614,13,21,20,7
6615,35,43,42,7
6619,37,37,37,0
6620,24,29,27,3
6621,45,49,48,3
6629,31,33,33,2
6630,44,48,48,4
6631,19,20,20,1
6637,38,39,39,1
6640,22,26,26,4
6642,7,8,8,1
6645,41,50,49,8
6650,54,57,56,2
6651,22,32,25,3
6653,22,35,32,10
6659,35,35,35,0
6665,44,46,46,2
6666,56,57,57,1
6667,35,37,37,2
6668,37,40,39,2
6670,24,27,27,3
6671,39,45,44,5
6672,32,38,37,5
6673,31,38,36,5
6674,42,43,43,1
6675,31,33,33,2
6676,45,48,47,2
6677,35,39,39,4
6678,48,54,54,6
6691,47,48,48,1
6694,35,36,36,1
6697,20,34,25,5
6701,43,48,48,5
6704,26,31,28,2
6707,29,44,39,10
6708,47,55,54,7
6711,27,33,31,4
6712,5,6,6,1
6715,35,96,96,61
6716,26,32,32,6
6720,16,17,16,0
6721,40,44,43,3
6724,21,27,22,1
6726,25,35,33,8
6727,33,33,33,0
6729,43,53,49,6
6730,28,33,29,1
6734,43,46,46,3
6736,44,44,44,0
6739,51,67,61,10
6741,35,37,35,0
6743,41,52,52,11
6745,32,33,32,0
6747,57,59,58,1
6748,26,27,27,1
6749,36,37,37,1
6750,44,49,46,2
6751,46,50,50,4
6762,42,50,48,6
6768,21,22,22,1
6773,39,40,40,1
6774,27,37,33,6
6775,26,34,34,8
6776,17,17,17,0
6778,54,58,56,2
6781,49,52,51,2
6782,31,33,33,2
6786,45,60,51,6
6787,35,39,39,4
6789,56,60,58,2
6792,31,34,31,0
6794,24,26,26,2
6796,20,23,23,3
6797,17,18,18,1
6804,31,37,33,2
6805,37,38,38,1
6807,35,37,37,2
6809,46,50,49,3
6812,35,37,37,2
6813,25,48,35,10
6814,28,31,29,1
6819,57,67,63,6
6821,48,50,50,2
6822,39,43,43,4
6824,31,31,31,0
6825,30,45,41,11
6826,44,55,52,8
6827,35,37,37,2
6831,36,37,37,1
6833,31,36,36,5
6834,45,71,69,24
6842,53,60,60,7
6846,38,49,46,8
6847,33,43,36,3
6848,21,22,22,1
6851,30,34,33,3
6862,45,52,51,6
6863,42,43,42,0
6868,51,57,56,5
6874,44,46,45,1
6876,35,42,40,5
6877,24,26,25,1
6878,36,37,37,1
6879,31,43,34,3
6880,42,52,46,4
6883,34,54,52,18
6884,15,15,15,0
6886,22,22,22,0
6891,48,53,50,2
6892,41,47,46,5
6893,33,35,34,1
6896,45,53,53,8
6897,31,38,36,5
6908,30,36,36,6
6909,35,42,41,6
6914,34,36,36,2
6919,35,41,41,6
6927,39,41,41,2
6929,45,53,52,7
6930,36,42,41,5
6933,35,42,41,6
6934,26,35,28,2
6936,1,4,2,1
6937,62,67,65,3
6938,30,42,37,7
6939,41,48,48,7
6940,45,51,51,6
6941,32,39,32,0
6945,47,54,53,6
6947,22,27,25,3
6948,34,39,38,4
6949,14,23,17,3
6951,37,37,37,0
6953,39,43,42,3
6955,40,44,44,4
6959,18,19,19,1
6960,33,36,35,2
6961,33,33,33,0
6962,35,40,39,4
6964,41,48,46,5
6965,37,43,43,6
6966,41,47,46,5
6968,41,46,46,5
6978,45,47,46,1
6979,45,45,45,0
6984,43,50,49,6
6985,43,49,49,6
6986,47,49,48,1
6987,30,33,31,1
6992,35,37,37,2
6995,51,55,55,4
6997,33,40,38,5
6999,40,43,41,1
7000,49,50,49,0
7001,28,32,30,2
7006,27,28,28,1
7007,11,11,11,0
7010,49,53,53,4
7012,39,43,43,4
7013,13,14,14,1
7014,48,52,51,3
7020,37,39,39,2
7022,35,36,36,1
7025,38,48,43,5
7027,44,45,45,1
7034,51,52,52,1
7039,30,33,33,3
7040,46,51,51,5
7041,35,42,41,6
7042,14,17,17,3
7043,43,52,51,8
7051,41,47,44,3
7052,17,19,17,0
7054,29,33,33,4
7056,25,29,29,4
7057,24,26,25,1
7058,24,25,25,1
7061,28,31,30,2
7066,42,48,47,5
7069,39,44,42,3
7073,40,46,45,5
7074,37,41,41,4
7075,30,35,34,4
7082,48,55,53,5
7083,61,67,66,5
7086,34,36,36,2
7087,45,52,51,6
7088,22,23,23,1
7089,10,10,10,0
7090,43,47,47,4
7092,24,26,26,2
7093,48,56,55,7
7094,36,36,36,0
7095,31,52,44,13
7096,22,23,23,1
7097,18,21,20,2
7101,54,61,61,7
7103,45,48,47,2
7104,32,39,34,2
7105,39,46,46,7
7107,52,60,59,7
7113,11,11,11,0
7114,35,54,49,14
7116,20,26,21,1
7117,20,22,22,2
7118,44,48,48,4
7123,21,28,25,4
7125,44,46,44,0
7133,51,55,55,4
7138,46,47,47,1
7141,32,41,39,7
7143,53,60,60,7
7144,41,42,42,1
7145,24,47,27,3
7147,41,43,43,2
7148,29,29,29,0
7156,56,66,63,7
7159,29,32,32,3
7169,13,15,14,1
7170,33,34,33,0
7178,24,48,34,10
7182,28,29,29,1
7188,39,47,46,7
7190,56,58,58,2
7192,27,33,32,5
7194,20,29,24,4
7195,38,44,44,6
7196,49,50,49,0
7197,7,7,7,0
7198,26,26,26,0
7204,51,59,58,7
7205,19,54,40,21
7206,52,63,61,9
7208,26,27,27,1
7210,19,22,21,2
7214,44,47,45,1
7216,40,51,49,9
7217,39,46,44,5
7218,24,24,24,0
7220,19,25,20,1
7221,44,47,46,2
7223,58,58,58,0
7227,27,34,31,4
7229,35,41,40,5
7231,57,68,63,6
7234,11,12,12,1
7236,53,62,62,9
7238,32,34,33,1
7244,20,24,23,3
7245,3,4,3,0
7246,22,22,22,0
7247,44,45,45,1
7248,47,52,52,5
7251,38,44,44,6
7254,51,53,51,0
7258,10,25,17,7
7261,26,36,36,10
7265,33,34,34,1
7266,44,51,49,5
7268,25,28,28,3
7271,10,12,12,2
7273,37,44,44,7
7274,8,19,9,1
7275,38,38,38,0
7277,18,20,19,1
7279,42,45,45,3
7280,29,35,34,5
7281,27,30,30,3
7294,30,30,30,0
7298,44,58,48,4
7302,30,31,31,1
7303,12,18,15,3
7305,51,54,54,3
7306,19,33,32,13
7308,23,23,23,0
7312,17,18,18,1
7319,29,29,29,0
7320,26,39,38,12
7322,24,26,26,2
7323,34,36,36,2
7324,35,40,39,4
7326,38,41,40,2
7328,30,33,32,2
7332,6,20,8,2
7336,17,35,28,11
7341,31,38,33,2
7343,53,62,57,4
7352,59,62,62,3
7355,37,44,41,4
7359,31,37,37,6
7363,58,61,61,3
7365,21,27,25,4
7366,49,55,53,4
7369,50,64,62,12
7371,29,32,31,2
7373,44,46,46,2
7375,42,57,52,10
7376,25,27,27,2
7381,19,20,20,1
7393,43,49,48,5
7397,21,22,22,1
7402,38,43,43,5
7404,25,34,27,2
7406,30,49,43,13
7411,43,51,50,7
7414,35,38,38,3
7422,57,58,58,1
7428,34,45,43,9
7430,52,58,57,5
7435,20,26,24,4
7439,22,28,24,2
7440,42,52,49,7
7446,35,39,37,2
7447,38,45,43,5
7448,36,37,37,1
7460,32,35,33,1
7461,36,40,39,3
7464,27,35,31,4
7465,36,40,39,3
7469,34,43,42,8
7480,50,56,55,5
7484,39,43,43,4
7486,24,30,27,3
7488,18,46,23,5
7496,39,46,44,5
7497,16,22,18,2
7499,27,36,32,5
7502,33,37,36,3
7504,33,36,36,3
7505,21,24,23,2
7508,26,34,31,5
7518,37,37,37,0
7519,26,33,31,5
7522,24,25,25,1
7525,33,37,36,3
7526,44,49,48,4
7530,50,58,56,6
7537,19,20,20,1
7542,9,10,10,1
7544,22,23,23,1
7545,21,23,23,2
7549,48,62,60,12
7550,24,26,25,1
7552,37,43,43,6
7554,46,52,50,4
7558,25,27,26,1
7559,25,32,29,4
7566,33,38,38,5
7568,32,38,34,2
7569,17,18,18,1
7573,21,24,23,2
7578,49,58,56,7
7579,52,56,56,4
7580,56,60,59,3
7582,38,40,40,2
7583,37,44,44,7
7584,42,44,44,2
7585,53,55,55,2
7588,41,41,41,0
7590,50,53,53,3
7592,34,38,36,2
7593,38,41,41,3
7596,31,36,35,4
7599,48,60,56,8
7600,38,42,42,4
7611,13,18,16,3
7612,24,25,24,0
7619,30,36,33,3
7622,17,26,23,6
7623,35,36,36,1
7624,32,42,40,8
7625,64,67,67,3
7628,56,68,64,8
7630,30,31,30,0
7632,40,46,45,5
7633,38,39,39,1
7634,25,29,28,3
7635,51,53,53,2
7638,48,49,49,1
7639,53,54,54,1
7641,62,85,80,18
7645,21,32,30,9
7649,61,68,65,4
7651,43,46,45,2
7658,41,46,45,4
7660,39,42,42,3
7662,53,57,56,3
7663,62,64,64,2
7665,45,52,52,7
7666,19,20,20,1
7667,41,48,48,7
7668,48,48,48,0
7669,66,68,67,1
7672,30,40,36,6
7676,42,51,48,6
7680,46,48,48,2
7681,27,31,28,1
7685,15,25,19,4
7690,50,53,52,2
7692,41,47,47,6
7697,24,29,29,5
7700,35,36,36,1
7701,63,79,77,14
7703,34,41,40,6
7705,39,42,42,3
7709,25,27,26,1
7711,49,52,52,3
7712,53,56,56,3
7713,39,40,40,1
7714,55,61,61,6
7715,33,38,35,2
7717,37,39,38,1
7718,56,58,58,2
7719,41,43,43,2
7721,41,44,44,3
7723,37,39,39,2
7724,50,55,54,4
7728,26,27,26,0
7730,31,38,37,6
7734,28,28,28,0
7735,41,44,43,2
7737,46,56,56,10
7738,29,30,30,1
7742,29,30,30,1
7744,47,61,61,14
7745,39,43,43,4
7747,40,40,40,0
7749,30,36,36,6
7750,67,80,78,11
7751,22,25,24,2
7753,41,45,44,3
7754,36,40,40,4
7755,40,51,47,7
7756,34,39,39,5
7757,12,16,13,1
7758,38,43,42,4
7760,36,36,36,0
7763,57,66,61,4
7764,24,28,27,3
7766,46,47,47,1
7767,37,42,40,3
7771,47,51,49,2
7772,38,40,40,2
7774,69,79,73,4
7775,26,27,27,1
7784,59,67,65,6
7785,39,41,41,2
7786,29,30,30,1
7789,52,57,57,5
7790,27,36,32,5
7792,31,39,36,5
7794,64,69,69,5
7796,46,54,54,8
7797,35,35,35,0
7798,50,53,53,3
7800,53,53,53,0
7801,41,45,44,3
7802,32,34,34,2
7806,39,40,40,1
7808,41,45,45,4
7816,56,60,57,1
7817,31,33,33,2
7819,52,56,54,2
7820,40,44,42,2
7821,38,41,41,3
7822,56,59,59,3
7823,35,46,42,7
7824,53,58,56,3
7825,45,47,47,2
7826,54,64,64,10
7829,37,43,43,6
7830,58,61,59,1
7831,59,64,64,5
7833,41,56,55,14
7842,42,44,44,2
7843,42,61,60,18
7844,11,12,12,1
7847,42,45,45,3
7848,15,17,15,0
7849,38,42,41,3
7850,44,44,44,0
7854,40,44,44,4
7856,43,50,49,6
7858,34,44,41,7
7860,58,61,61,3
7861,27,33,31,4
7864,38,41,40,2
7865,63,65,65,2
7868,47,48,48,1
7869,22,23,23,1
7870,50,50,50,0
7876,46,48,48,2
7877,56,60,60,4
7879,29,36,36,7
7882,42,44,44,2
7883,37,48,41,4
7884,56,62,61,5
7885,28,37,34,6
7886,30,41,33,3
7888,35,38,38,3
7889,57,62,62,5
7890,36,43,43,7
7891,46,47,47,1
7892,52,52,52,0
7894,77,81,81,4
7898,28,30,30,2
7902,58,74,71,13
7904,22,27,27,5
7905,33,36,36,3
7908,40,46,44,4
7910,34,38,36,2
7912,21,23,23,2
7913,69,80,79,10
7915,45,47,47,2
7916,45,47,47,2
7917,7,10,8,1
7920,60,62,62,2
7921,50,57,54,4
7922,13,14,14,1
7924,52,54,54,2
7929,46,47,47,1
7932,38,39,39,1
7936,32,37,37,5
7942,41,43,42,1
7943,42,44,43,1
7944,41,43,43,2
7947,41,45,43,2
7951,55,62,60,5
7952,65,69,69,4
7953,41,49,47,6
7955,31,39,36,5
7956,44,50,47,3
7957,57,64,64,7
7958,48,50,48,0
7959,56,60,59,3
7960,12,34,21,9
7962,63,79,78,15
7963,9,12,10,1
7966,45,46,46,1
7967,30,38,37,7
7968,4,10,6,2
7971,49,55,53,4
7977,21,22,21,0
7981,51,54,52,1
7982,36,37,37,1
7986,39,43,43,4
7988,26,30,29,3
7989,30,31,31,1
7990,60,72,71,11
7991,40,43,43,3
7992,31,33,33,2
7994,40,51,48,8
7995,39,43,43,4
7996,35,43,39,4
7998,39,39,39,0
7999,15,19,18,3
8000,51,57,56,5
8002,31,32,32,1
8003,13,13,13,0
8004,37,49,48,11
8009,38,45,44,6
8011,50,50,50,0
8016,43,43,43,0
8017,31,39,39,8
8022,43,46,46,3
8023,51,56,55,4
8025,48,53,51,3
8026,12,21,18,6
8027,30,36,33,3
8028,37,39,39,2
8029,40,42,42,2
8031,54,59,56,2
8032,30,34,33,3
8034,44,47,47,3
8038,44,58,53,9
8039,34,35,35,1
8040,49,60,60,11
8041,27,33,32,5
8042,40,44,43,3
8043,27,29,29,2
8046,42,45,44,2
8048,45,45,45,0
8049,50,56,55,5
8050,52,52,52,0
8051,36,38,38,2
8052,23,33,28,5
8053,43,45,45,2
8055,43,60,58,15
8062,41,48,47,6
8064,58,65,63,5
8065,40,40,40,0
8067,32,53,40,8
8073,38,39,39,1
8074,35,38,38,3
8075,16,17,17,1
8077,52,63,62,10
8079,20,23,20,0
8081,43,52,50,7
8082,56,63,62,6
8083,27,41,40,13
8086,44,47,47,3
8087,62,65,65,3
8088,17,17,17,0
8089,44,46,46,2
8093,27,34,34,7
8095,26,43,38,12
8096,28,38,36,8
8097,34,38,36,2
8099,28,29,29,1
8100,36,38,37,1
8102,47,56,53,6
8103,42,47,46,4
8105,33,37,36,3
8106,49,59,57,8
8107,13,15,14,1
8108,50,56,55,5
8111,62,63,62,0
8116,46,52,51,5
8117,43,46,46,3
8119,48,49,48,0
8120,33,39,37,4
8122,35,41,41,6
8123,41,44,44,3
8124,9,13,10,1
8126,56,66,64,8
8130,40,51,49,9
8132,25,28,28,3
8133,41,53,52,11
8134,55,58,58,3
8136,56,57,56,0
8137,50,56,55,5
8138,39,46,45,6
8147,43,49,46,3
8149,53,68,67,14
8150,2,3,2,0
8151,30,34,34,4
8153,44,46,46,2
8154,33,34,34,1
8157,40,47,47,7
8160,40,42,42,2
8163,38,42,42,4
8164,43,50,49,6
8166,42,58,58,16
8167,39,43,42,3
8169,51,63,63,12
8170,60,60,60,0
8171,28,32,31,3
8175,40,43,43,3
8176,52,55,55,3
8178,48,64,62,14
8180,25,25,25,0
8182,24,27,25,1
8184,48,49,49,1
8187,35,35,35,0
8188,42,44,44,2
8189,43,49,49,6
8191,42,43,43,1
8193,43,49,49,6
8194,34,45,35,1
8196,55,62,61,6
8200,43,56,56,13
8202,41,43,43,2
8203,52,57,55,3
8207,9,10,10,1
8210,37,38,38,1
8211,43,47,47,4
8212,31,33,33,2
8214,39,43,42,3
8215,29,31,31,2
8216,40,43,43,3
8217,55,68,68,13
8220,36,42,41,5
8224,43,47,47,4
8226,24,25,25,1
8230,32,40,36,4
8231,30,32,32,2
8232,32,38,38,6
8233,25,26,26,1
8234,30,36,36,6
8236,44,48,48,4
8237,49,55,55,6
8239,31,53,35,4
8241,48,53,53,5
8242,38,40,40,2
8248,53,55,54,1
8249,43,65,64,21
8250,63,70,67,4
8251,44,52,52,8
8256,51,57,57,6
8257,57,63,61,4
8258,29,31,31,2
8260,41,43,43,2
8261,34,34,34,0
8262,38,51,45,7
8264,49,58,54,5
8265,57,59,59,2
8267,52,53,52,0
8268,41,44,44,3
8269,39,45,45,6
8270,26,30,30,4
8277,37,38,38,1
8279,42,42,42,0
8281,40,53,53,13
8283,16,21,19,3
8284,48,56,51,3
8286,30,40,39,9
8287,48,50,50,2
8288,40,42,42,2
8290,37,38,38,1
8291,32,37,35,3
8296,28,35,33,5
8301,45,53,53,8
8302,45,53,50,5
8305,42,49,49,7
8308,42,46,45,3
8310,38,42,41,3
8311,57,81,81,24
8313,43,46,46,3
8314,38,41,41,3
8315,59,68,67,8
8319,2,11,2,0
8321,46,71,62,16
8325,51,56,56,5
8327,2,29,3,1
8328,32,33,33,1
8330,51,57,57,6
8331,48,54,53,5
8337,46,51,50,4
8338,23,28,25,2
8339,46,47,47,1
8344,33,39,37,4
8352,48,49,49,1
8354,27,37,35,8
8360,48,51,50,2
8363,40,45,45,5
8364,51,57,57,6
8365,34,38,37,3
8366,41,46,46,5
8368,51,60,60,9
8371,14,14,14,0
8373,45,49,49,4
8374,46,48,48,2
8376,41,46,45,4
8379,56,67,67,11
8380,48,52,51,3
8381,51,63,60,9
8382,24,29,29,5
8383,47,50,50,3
8385,24,27,27,3
8387,27,39,35,8
8388,21,25,25,4
8391,38,43,41,3
8393,49,52,52,3
8394,47,57,56,9
8396,49,51,50,1
8398,31,33,32,1
8399,33,36,35,2
8401,69,73,73,4
8402,54,54,54,0
8403,52,67,67,15
8405,44,52,51,7
8411,11,14,12,1
8413,36,36,36,0
8415,33,38,37,4
8416,23,23,23,0
8419,38,42,42,4
8422,53,64,62,9
8423,34,40,40,6
8428,32,37,35,3
8429,48,49,49,1
8430,33,36,36,3
8431,29,33,33,4
8433,39,42,40,1
8435,61,63,63,2
8440,55,61,60,5
8441,56,63,61,5
8444,45,47,47,2
8445,26,29,28,2
8446,47,56,55,8
8447,50,56,54,4
8450,41,44,42,1
8451,58,71,71,13
8452,47,48,48,1
8453,37,53,41,4
8456,16,19,16,0
8457,36,36,36,0
8458,54,58,57,3
8460,52,62,62,10
8461,59,60,60,1
8466,30,32,31,1
8467,45,52,52,7
8470,56,58,56,0
8473,40,44,41,1
8476,26,31,30,4
8477,13,28,25,12
8478,33,47,45,12
8482,30,35,34,4
8483,45,46,46,1
8485,69,72,72,3
8486,44,46,45,1
8487,34,38,38,4
8490,39,44,44,5
8491,18,55,47,29
8492,21,42,30,9
8493,25,37,34,9
8495,45,50,49,4
8496,49,54,53,4
8497,30,31,31,1
8498,38,40,39,1
8501,55,59,58,3
8502,50,52,51,1
8503,27,32,32,5
8505,37,53,53,16
8506,32,116,113,81
8507,60,63,63,3
8508,36,38,37,1
8512,50,54,54,4
8514,43,47,47,4
8518,59,61,61,2
8519,23,38,37,14
8520,51,52,51,0
8523,53,56,56,3
8524,48,52,52,4
8530,36,38,38,2
8531,57,63,62,5
8533,40,42,41,1
8535,51,54,54,3
8538,44,46,46,2
8541,43,43,43,0
8542,49,49,49,0
8543,57,68,67,10
8545,55,57,57,2
8546,8,10,9,1
8547,53,59,57,4
8548,52,54,54,2
8550,64,73,72,8
8551,45,48,47,2
8552,35,47,47,12
8555,37,39,39,2
8558,53,63,61,8
8561,30,34,34,4
8563,32,36,36,4
8568,44,47,47,3
8569,40,43,43,3
8575,36,47,47,11
8576,48,55,53,5
8581,40,43,43,3
8582,34,37,37,3
8583,45,46,45,0
8584,42,51,49,7
8585,47,58,55,8
8587,47,51,51,4
8591,53,57,57,4
8593,35,42,40,5
8594,33,38,37,4
8599,48,52,51,3
8600,13,57,57,44
8605,33,35,34,1
8606,55,68,67,12
8607,35,38,37,2
8608,50,53,53,3
8610,26,27,27,1
8618,43,44,44,1
8620,33,34,34,1
8621,53,58,58,5
8624,36,36,36,0
8625,55,60,60,5
8627,35,36,36,1
8628,34,34,34,0
8629,43,47,47,4
8630,41,44,44,3
8631,55,66,62,7
8632,30,34,34,4
8636,56,67,67,11
8638,44,46,46,2
8639,32,39,35,3
8641,46,52,52,6
8643,55,63,63,8
8644,37,60,41,4
8645,46,54,54,8
8646,41,44,42,1
8648,63,68,68,5
8654,41,42,42,1
8656,47,54,53,6
8657,28,49,37,9
8658,49,50,50,1
8659,42,49,48,6
8660,45,77,63,18
8661,59,60,60,1
8662,40,50,50,10
8663,54,59,57,3
8666,49,55,54,5
8670,46,49,49,3
8671,46,47,47,1
8672,27,29,29,2
8675,47,50,49,2
8678,50,60,60,10
8679,60,66,64,4
8680,51,56,56,5
8684,35,37,37,2
8686,33,35,35,2
8690,10,21,15,5
8693,45,48,47,2
8694,54,57,57,3
8696,27,27,27,0
8697,53,61,59,6
8698,43,44,43,0
8699,51,54,54,3
8701,42,43,42,0
8702,36,40,40,4
8703,37,40,40,3
8704,44,55,54,10
8706,44,46,46,2
8708,36,48,47,11
8709,23,23,23,0
8713,45,47,47,2
8714,58,60,59,1
8715,33,35,35,2
8717,57,65,65,8
8718,62,65,64,2
8719,57,63,63,6
8720,68,69,69,1
8721,19,23,20,1
8723,32,33,33,1
8724,16,25,22,6
8725,32,33,33,1
8727,49,57,55,6
8728,34,36,36,2
8729,49,55,55,6
8730,26,39,32,6
8734,38,43,43,5
8735,22,30,29,7
8737,31,35,35,4
8738,54,56,56,2
8739,38,43,43,5
8740,31,36,36,5
8741,49,57,55,6
8742,39,44,43,4
8743,25,25,25,0
8745,26,30,30,4
8749,43,47,47,4
8750,28,30,29,1
8751,61,63,62,1
8757,38,39,39,1
8758,38,51,44,6
8760,57,60,60,3
8762,51,58,58,7
8765,41,44,44,3
8768,47,50,50,3
8769,36,38,38,2
8771,33,42,39,6
8772,39,51,51,12
8776,31,32,32,1
8777,42,45,45,3
8782,47,61,60,13
8790,27,28,28,1
8791,40,45,44,4
8793,45,51,49,4
8794,33,38,37,4
8795,36,38,37,1
8797,45,49,49,4
8800,48,51,51,3
8801,29,32,31,2
8803,30,32,32,2
8805,45,46,46,1
8806,42,47,47,5
8807,31,33,32,1
8808,36,38,37,1
8811,44,48,48,4
8812,53,59,59,6
8817,47,54,53,6
8818,30,32,31,1
8820,44,53,53,9
8823,60,70,69,9
8825,44,48,47,3
8827,41,44,43,2
8828,11,16,14,3
8832,26,31,31,5
8833,31,55,38,7
8834,70,84,82,12
8835,28,32,32,4
8837,47,52,51,4
8838,31,43,39,8
8843,45,47,46,1
8844,19,27,22,3
8845,28,32,30,2
8846,37,44,43,6
8847,59,60,60,1
8848,15,19,17,2
8850,48,52,49,1
8851,63,68,67,4
8852,53,55,54,1
8854,33,39,34,1
8855,35,41,40,5
8856,28,34,34,6
8857,63,79,79,16
8858,41,47,47,6
8859,26,30,30,4
8862,46,57,52,6
8864,37,40,40,3
8870,11,17,16,5
8874,54,57,56,2
8875,50,54,54,4
8877,34,38,38,4
8878,63,72,70,7
8879,37,42,41,4
8884,41,43,42,1
8887,45,47,46,1
8894,40,43,42,2
8895,46,51,51,5
8897,35,35,35,0
8898,22,23,23,1
8899,38,49,44,6
8900,41,47,46,5
8901,56,58,58,2
8902,26,28,28,2
8905,52,74,73,21
8909,47,53,53,6
8910,54,62,61,7
8911,42,49,49,7
8913,46,48,48,2
8917,52,61,61,9
8918,62,67,67,5
8920,29,33,31,2
8921,48,54,54,6
8922,58,63,62,4
8923,54,59,58,4
8924,15,19,16,1
8927,34,40,39,5
8928,38,46,46,8
8929,50,52,51,1
8931,2,5,2,0
8933,35,41,40,5
8934,43,47,47,4
8940,43,50,47,4
8944,52,59,58,6
8945,47,49,49,2
8946,54,67,65,11
8947,43,46,46,3
8949,33,37,37,4
8951,65,66,66,1
8952,65,70,69,4
8953,42,42,42,0
8954,35,38,37,2
8955,26,30,29,3
8956,31,34,34,3
8957,57,61,60,3
8958,32,36,34,2
8959,30,38,34,4
8960,45,46,46,1
8968,43,47,47,4
8969,52,54,52,0
8973,62,66,66,4
8974,17,26,23,6
8975,57,65,63,6
8980,32,32,32,0
8981,35,56,44,9
8983,34,39,36,2
8986,54,66,65,11
8987,47,49,49,2
8988,43,46,46,3
8989,38,44,44,6
8991,36,40,40,4
8995,46,53,52,6
8996,30,39,39,9
8997,27,31,31,4
8998,54,67,65,11
9000,23,24,24,1
9001,41,47,46,5
9005,46,49,48,2
9006,39,45,43,4
9007,37,40,40,3
9008,49,52,50,1
9009,41,46,46,5
9010,47,50,50,3
9012,35,37,37,2
9013,53,59,59,6
9014,33,38,37,4
9018,41,44,44,3
9021,29,32,32,3
9022,21,32,29,8
9026,30,30,30,0
9029,49,63,53,4
9030,18,24,23,5
9032,42,49,47,5
9033,32,37,36,4
9038,38,39,39,1
9039,35,39,39,4
9040,36,44,42,6
9042,29,29,29,0
9045,31,38,32,1
9046,45,50,50,5
9047,52,59,58,6
9049,50,58,58,8
9050,51,56,56,5
9053,16,16,16,0
9054,69,73,73,4
9056,18,19,19,1
9058,63,63,63,0
9060,24,30,26,2
9062,51,59,55,4
9067,53,59,57,4
9068,16,21,20,4
9071,37,61,43,6
9077,41,45,45,4
9078,37,42,41,4
9079,49,59,59,10
9080,45,62,58,13
9081,54,56,56,2
9082,58,64,63,5
9084,64,67,67,3
9085,49,64,62,13
9086,28,32,31,3
9087,39,42,42,3
9091,38,40,40,2
9095,49,63,61,12
9097,54,56,55,1
9099,24,27,27,3
9103,25,29,28,3
9104,38,46,45,7
9105,41,49,48,7
9106,41,46,46,5
9108,79,84,84,5
9109,38,41,41,3
9110,48,53,52,4
9112,22,24,24,2
9113,43,49,47,4
9114,44,48,47,3
9115,27,30,29,2
9117,52,54,54,2
9120,42,60,55,13
9121,43,51,49,6
9127,48,56,54,6
9128,21,21,21,0
9130,6,8,6,0
9132,53,55,55,2
9137,51,54,52,1
9139,46,49,49,3
9141,49,51,50,1
9142,48,49,48,0
9143,44,48,48,4
9145,47,49,49,2
9147,40,41,41,1
9148,69,73,73,4
9152,33,36,35,2
9153,35,38,37,2
9155,45,46,46,1
9157,55,66,64,9
9158,32,39,37,5
9162,41,41,41,0
9163,36,38,38,2
9164,37,41,40,3
9165,58,81,77,19
9170,30,31,31,1
9173,48,49,48,0
9175,46,49,47,1
9177,58,62,61,3
9178,52,58,58,6
9179,33,37,37,4
9180,30,33,31,1
9184,42,44,43,1
9192,37,39,39,2
9197,28,33,33,5
9201,33,33,33,0
9202,57,60,60,3
9203,52,55,54,2
9204,31,33,33,2
9205,57,66,66,9
9209,39,49,48,9
9210,48,56,50,2
9212,53,64,62,9
9214,18,18,18,0
9215,44,58,58,14
9221,38,40,38,0
9224,55,64,62,7
9225,40,41,41,1
9226,41,44,44,3
9230,16,29,19,3
9232,52,54,54,2
9233,46,52,52,6
9236,53,70,68,15
9237,38,40,39,1
9241,34,36,36,2
9244,40,43,42,2
9248,36,38,38,2
9249,31,40,36,5
9253,48,55,55,7
9254,50,56,55,5
9256,40,46,45,5
9258,29,31,31,2
9259,47,52,51,4
9260,22,22,22,0
9261,22,61,46,24
9262,37,38,38,1
9267,44,51,50,6
9269,38,43,41,3
9271,45,47,47,2
9274,56,58,58,2
9275,17,20,19,2
9276,64,64,64,0
9277,1,8,1,0
9278,35,38,38,3
9279,42,44,44,2
9284,36,37,37,1
9285,31,36,34,3
9289,43,44,43,0
9290,37,43,43,6
9291,29,31,31,2
9292,44,48,48,4
9293,46,50,49,3
9296,30,32,31,1
9299,42,50,49,7
9301,23,32,28,5
9303,21,83,70,49
9304,31,36,36,5
9305,52,54,54,2
9307,31,34,33,2
9312,29,34,33,4
9313,39,40,40,1
9317,36,38,37,1
9318,43,43,43,0
9320,69,82,78,9
9321,53,57,56,3
9323,54,73,72,18
9325,79,85,84,5
9327,46,50,49,3
9329,49,54,54,5
9330,47,51,51,4
9332,12,31,15,3
9337,47,55,55,8
9338,41,43,43,2
9339,62,66,65,3
9340,32,35,35,3
9341,45,49,48,3
9347,28,34,34,6
9349,36,39,37,1
9350,38,46,45,7
9353,30,33,33,3
9355,44,90,78,34
9358,51,56,56,5
9359,43,45,45,2
9360,46,46,46,0
9361,49,57,56,7
9363,41,43,43,2
9364,33,34,33,0
9367,51,59,57,6
9368,21,37,34,13
9370,37,43,42,5
9372,57,62,59,2
9373,39,47,46,7
9375,33,36,35,2
9376,46,54,51,5
9377,37,41,39,2
9382,50,55,55,5
9383,20,20,20,0
9384,42,45,45,3
9385,41,51,51,10
9389,42,46,45,3
9390,51,53,53,2
9392,33,36,36,3
9393,46,48,48,2
9394,29,32,31,2
9398,48,55,52,4
9399,24,32,30,6
9400,61,81,77,16
9401,52,65,60,8
9404,26,27,27,1
9405,34,42,39,5
9406,20,22,22,2
9408,34,35,35,1
9409,27,33,31,4
9412,37,41,41,4
9416,29,30,30,1
9417,21,41,37,16
9418,40,41,41,1
9421,49,56,53,4
9424,48,55,54,6
9425,24,27,26,2
9426,36,42,41,5
9427,34,35,35,1
9428,53,60,59,6
9430,33,37,37,4
9434,71,83,83,12
9435,41,44,44,3
9440,33,38,35,2
9443,46,50,49,3
9449,45,49,49,4
9450,51,60,57,6
9452,48,51,51,3
9455,46,48,47,1
9457,8,11,11,3
9459,62,67,64,2
9460,22,22,22,0
9462,34,40,40,6
9464,52,54,53,1
9465,33,35,34,1
9467,37,47,43,6
9468,70,88,84,14
9473,33,35,34,1
9475,43,45,43,0
9476,62,78,77,15
9477,47,51,50,3
9478,21,27,26,5
9482,30,34,34,4
9483,47,47,47,0
9485,18,20,19,1
9486,46,51,51,5
9488,34,39,36,2
9494,55,61,58,3
9500,60,78,77,17
9501,48,62,61,13
9503,51,53,53,2
9506,53,63,62,9
9509,19,20,20,1
9510,54,57,55,1
9511,53,57,56,3
9512,28,37,34,6
9514,41,55,53,12
9515,52,53,53,1
9516,33,33,33,0
9521,28,37,36,8
9522,48,49,49,1
9523,21,25,23,2
9524,44,49,46,2
9526,53,60,59,6
9529,28,45,31,3
9532,44,47,47,3
9536,57,65,65,8
9537,51,58,57,6
9539,62,71,69,7
9542,37,40,40,3
9543,52,59,57,5
9544,20,21,21,1
9545,57,71,68,11
9546,57,64,64,7
9548,42,45,45,3
9550,26,27,27,1
9551,53,63,61,8
9553,37,42,41,4
9554,33,54,50,17
9561,46,52,51,5
9562,47,48,48,1
9563,24,28,28,4
9565,34,41,40,6
9566,46,51,51,5
9568,32,38,35,3
9570,55,63,63,8
9572,30,31,30,0
9577,51,61,54,3
9578,41,42,41,0
9579,58,97,75,17
9580,7,14,10,3
9581,37,42,42,5
9582,23,55,49,26
9585,49,65,60,11
9586,27,31,31,4
9591,34,40,39,5
9593,25,25,25,0
9595,37,42,42,5
9598,59,61,61,2
9599,48,59,59,11
9600,38,47,45,7
9602,52,58,57,5
9603,39,45,43,4
9607,45,53,52,7
9610,49,52,51,2
9615,51,56,54,3
9617,54,66,64,10
9618,30,32,31,1
9620,26,27,27,1
9624,34,34,34,0
9628,57,65,60,3
9630,42,48,48,6
9631,39,41,41,2
9632,58,65,62,4
9633,51,59,58,7
9634,20,26,24,4
9635,46,56,54,8
9636,41,52,52,11
9638,28,41,36,8
9640,52,56,56,4
9644,10,10,10,0
9646,53,54,53,0
9649,37,40,39,2
9656,32,36,35,3
9660,43,65,54,11
9663,38,40,38,0
9664,33,35,35,2
9666,51,51,51,0
9667,23,28,25,2
9668,73,91,88,15
9669,42,44,44,2
9670,71,82,82,11
9671,38,39,39,1
9672,13,13,13,0
9673,35,40,40,5
9674,47,56,54,7
9675,35,39,38,3
9676,25,28,28,3
9677,36,40,40,4
9678,54,67,65,11
9679,44,50,50,6
9680,28,29,29,1
9681,41,48,48,7
9682,48,58,57,9
9683,40,42,41,1
9684,10,11,11,1
9686,46,48,48,2
9688,43,52,52,9
9690,16,17,17,1
9691,7,11,8,1
9692,62,70,69,7
9693,21,23,23,2
9694,25,27,27,2
9696,17,20,20,3
9697,36,43,41,5
9698,46,49,49,3
9699,33,37,36,3
9700,53,61,60,7
9701,36,37,37,1
9702,36,40,39,3
9703,22,25,25,3
9704,40,49,48,8
9705,32,38,37,5
9706,33,40,39,6
9707,45,52,51,6
9708,43,50,50,7
9709,27,29,29,2
9710,49,52,51,2
9711,36,53,42,6
9712,26,29,28,2
9713,7,8,8,1
9714,32,37,37,5
9716,35,38,38,3
9717,38,50,50,12
9718,54,66,62,8
9720,82,86,86,4
9721,21,21,21,0
9722,21,23,22,1
9723,32,39,38,6
9724,54,66,65,11
9726,44,59,58,14
9727,39,44,44,5
9728,18,19,19,1
9729,25,26,25,0
9730,44,51,51,7
9732,53,59,58,5
9733,41,48,48,7
9734,69,75,75,6
9736,38,39,39,1
9737,34,35,35,1
9745,27,33,32,5
9747,41,46,44,3
9749,31,40,36,5
9752,39,50,43,4
9758,41,51,50,9
9765,19,22,21,2
9770,16,18,18,2
9771,24,47,35,11
9773,40,48,42,2
9775,18,26,23,5
9776,34,34,34,0
9779,50,55,54,4
9783,15,33,21,6
9784,25,32,29,4
9785,43,47,47,4
9786,16,43,23,7
9787,53,59,58,5
9788,31,34,34,3
9789,6,15,9,3
9790,22,23,22,0
9791,14,16,16,2
9792,40,41,41,1
9794,35,38,37,2
9795,40,41,41,1
9796,41,43,43,2
9798,35,42,40,5
9799,13,30,15,2
9801,60,81,77,17
9802,35,41,40,5
9803,36,36,36,0
9804,23,39,29,6
9806,37,42,42,5
9807,35,51,45,10
9808,47,55,53,6
9809,38,41,40,2
9810,39,45,43,4
9811,43,49,46,3
9812,33,44,39,6
9813,50,57,55,5
9814,59,64,62,3
9815,33,44,43,10
9816,46,53,52,6
9817,39,45,45,6
9818,38,43,41,3
9819,35,39,37,2
9820,4,6,4,0
9821,40,43,42,2
9823,1,2,1,0
9824,36,40,40,4
9825,44,51,51,7
9827,39,49,48,9
9828,6,7,7,1
9829,37,47,46,9
9830,43,50,50,7
9831,32,73,64,32
9832,21,58,54,33
9833,25,38,35,10
9834,28,34,32,4
9835,14,16,15,1
9836,21,31,29,8
9837,15,16,15,0
9838,25,31,30,5
9839,30,40,37,7
9840,31,38,38,7
9841,8,13,11,3
9842,17,18,18,1
9843,22,27,25,3
9844,8,10,9,1
9845,30,36,36,6
9846,28,30,29,1
9847,35,35,35,0
9848,26,31,31,5
9850,28,31,31,3
9851,33,35,34,1
9852,46,53,49,3
9853,31,39,37,6
9854,23,41,30,7
9855,42,42,42,0
9856,46,52,49,3
9857,44,48,48,4
9858,53,53,53,0
9860,10,22,18,8
9861,1,2,1,0
9864,34,37,37,3
9865,22,25,23,1
9866,22,39,31,9
9867,43,52,49,6
9868,23,33,27,4
9869,24,27,26,2
9870,27,37,30,3
9871,36,52,50,14
9874,28,30,29,1
9876,15,32,32,17
9878,19,91,59,40
9879,5,5,5,0
9880,24,28,27,3
9883,28,47,42,14
9884,28,150,84,56
9885,20,26,24,4
9886,19,25,23,4
9889,32,91,77,45
9890,35,38,37,2
9891,2,8,6,4
9893,17,21,17,0
9894,28,39,36,8
9895,31,40,36,5
9896,32,37,36,4
9897,20,24,22,2
9898,27,35,31,4
9899,36,44,43,7
9900,48,49,48,0
9901,29,31,31,2
9902,22,22,22,0
9903,28,31,29,1
9904,39,59,58,19
9905,28,45,40,12
9906,19,20,20,1
9907,46,57,52,6
9908,53,67,61,8
9910,32,67,50,18
9911,25,36,31,6
9912,44,53,53,9
9913,26,32,30,4
9914,26,29,29,3
9917,51,52,52,1
9918,23,28,25,2
9919,20,28,23,3
9920,59,60,60,1
9921,50,52,51,1
9923,42,52,49,7
9924,32,41,39,7
9925,36,39,39,3
9926,54,64,63,9
9927,19,28,24,5
9928,8,27,16,8
9929,32,52,41,9
9932,24,32,29,5
9933,38,52,46,8
9934,48,57,54,6
9935,40,48,47,7
9936,33,36,36,3
9937,42,46,46,4
9938,39,53,51,12
9939,30,41,41,11
9940,34,46,43,9
9941,47,50,47,0
9942,34,39,36,2
9943,26,37,36,10
9944,39,41,41,2
9945,44,59,56,12
9946,40,50,48,8
9947,44,67,64,20
9948,37,45,41,4
9949,49,57,57,8
9950,35,48,44,9
9951,13,42,29,16
9952,41,53,50,9
9955,16,16,16,0
9957,72,83,83,11
9958,36,47,45,9
9959,41,47,45,4
9960,76,88,87,11
9961,56,59,59,3
9962,3,5,4,1
9963,54,67,64,10
9964,22,22,22,0
9965,60,79,76,16
9966,59,73,73,14
9967,32,41,40,8
9968,49,56,54,5
9969,41,45,44,3
9970,39,43,43,4
9971,40,45,43,3
9972,52,69,67,15
9973,71,85,81,10
9974,58,67,64,6
9975,40,43,42,2
9976,55,80,76,21
9978,39,39,39,0
9979,36,46,46,10
9980,65,76,76,11
9981,30,34,32,2
9982,29,34,34,5
9984,42,47,47,5
9985,31,31,31,0
9986,49,68,64,15
9987,19,25,25,6
9988,40,56,55,15
9989,42,45,45,3
9990,31,33,33,2
9991,49,54,53,4
9992,46,51,50,4
9993,31,43,35,4
9994,51,56,55,4
9995,30,34,33,3
9996,23,25,24,1
9997,23,28,27,4
9998,46,50,49,3
9999,36,42,41,5
10000,41,47,46,5
10001,36,42,40,4
10003,26,34,31,5
10004,40,48,48,8
10005,40,45,43,3
10006,29,49,40,11
10007,29,30,30,1
10008,40,48,47,7
10009,41,44,43,2
10011,32,37,36,4
10013,5,23,14,9
10014,30,78,34,4
10015,48,58,53,5
10016,41,53,52,11
10018,34,38,36,2
10020,43,73,55,12
10023,42,44,44,2
10024,44,48,47,3
10026,61,69,69,8
10027,48,57,54,6
10028,9,15,10,1
10032,26,30,28,2
10033,47,50,50,3
10034,38,42,41,3
10035,42,47,46,4
10036,22,24,23,1
10037,33,34,34,1
10038,29,43,40,11
10040,4,16,9,5
10042,46,131,93,47
10043,42,50,50,8
10044,32,37,33,1
10045,28,28,28,0
10046,34,34,34,0
10047,2,16,4,2
10049,76,77,77,1
10050,28,32,31,3
10051,46,62,57,11
10052,34,36,35,1
10054,2,4,3,1
10055,14,20,20,6
10056,9,9,9,0
10058,51,63,58,7
